2.184986858831318912e+01
7.598210551973747329e+01
5.583916670544257954e+01
2.155422713979029936e+01
3.102559397583117828e+01
2.719653844256384190e+01
2.020279486505922506e+01
3.954450136164097529e+01
2.578831181689751162e+01
5.309135028081731633e+01
4.514035347952258093e+01
3.042932724482592022e+01
3.475656746452986567e+01
3.153332233934691331e+01
3.956423890062828974e+01
5.894899139318368952e+01
1.900099163483863762e+01
3.001336986168667664e+01
2.132747264986048918e+01
2.956662371748844009e+01
3.587069649746953814e+01
2.363155767334698965e+01
1.242814522875613648e+01
4.456648269758459513e+00
2.640651180940357534e+01
2.393664757001879906e+01
4.790175288157163891e+01
1.670554753099951029e+01
1.717555981118189834e+01
3.537540580393800838e+01
4.574928129301220991e+01
6.872754122181920877e+01
2.967140379215537394e+01
1.264600783220233104e+01
2.026232385629039356e+01
6.845710751915184744e+00
2.585965358539164782e+01
2.419077669200276404e+01
2.190094377848292240e+01
1.710965524795052772e+01
3.646446452340095590e+01
3.167865149640356037e+01
4.876968900218904679e+01
2.162115250253664556e+01
2.920372700726903403e+01
4.321434865311881879e+01
4.982577481596717917e+01
2.158483340579426724e+01
2.215316869011941492e+01
2.884226335880827818e+01
3.040123685103436202e+01
3.167340083667075490e+01
2.649928368186719752e+01
3.286683580724569964e+01
4.594353053428639555e+01
3.996414919944115951e+01
2.763497593447758049e+01
5.593794063704222452e+01
2.319819021984270435e+01
3.803207855327653419e+01
3.551002084432852257e+01
2.383130451702404429e+01
4.314767396307342295e+01
4.312853810341962202e+01
4.102527217550088068e+01
4.209283880910166431e+01
2.571108164052500911e+01
3.189559326697501263e+01
4.767077795074027335e+01
3.746645412384319229e+01
3.131586723887127022e+01
2.714147196810922935e+01
2.048041328590034738e+01
1.609484397918639687e+01
3.324265130732086249e+01
5.080972920478097343e+00
2.550325973531518997e+01
1.515166038051728137e+01
3.443488730643596085e+01
4.808026200426106556e+01
2.422844196386674298e+01
2.252649671263741737e+01
3.071201264641553053e+01
2.375151840138591552e+01
4.542020206937938553e+01
4.296251518827310889e+01
3.435373418258185296e+01
5.379384580498141588e+01
3.041441015854401897e+01
3.044608517928704927e+01
4.979433893489088092e+01
1.443330068157457369e+01
3.770267174156219880e+01
3.215252946663860456e+01
2.410167058434535647e+01
2.078310921972379788e+01
3.653764683873783525e+01
6.825498965039787436e+01
2.945524159219101534e+01
1.226293723011238512e+01
1.839548520550054889e+01
5.915824067311859125e+01
4.621729906803650323e+01
2.732660695161669651e+01
3.076499772886423401e+01
5.197813625445196095e+01
2.835384914083909536e+01
2.922225493646531547e+01
2.955323864838942072e+01
1.173876206567373437e+01
1.978924084443250919e+01
2.852760093102108740e+01
9.960153396920000901e+00
3.484960807581229858e+01
2.121581900022816924e+01
1.572650685571711549e+01
3.823219958162827226e+01
3.245814481411701280e+01
1.407261181956208951e+01
3.319712792138466995e+01
3.297713184677750320e+01
3.660926763008834683e+01
2.467507993841650915e+01
5.060132251287426897e+01
2.329887225512155169e+01
3.304297982592703420e+01
5.129958903242147983e+01
2.746693792444132853e+01
2.190814388270133151e+01
3.103324163568807137e+01
3.753614100466270997e+01
2.890195694739652055e+01
5.844189087753309764e+01
6.568727267481422416e+01
4.080918892539893506e+01
2.255332724576641112e+01
3.718137377237022889e+01
2.768460283276039036e+01
1.363360076859102854e+01
2.750308001995669827e+01
1.319288189824528246e+01
9.454959301776462155e+00
2.328721273299896666e+01
3.503313805864872421e+01
1.962285063619707159e+01
1.095028487404019124e+01
3.308266459019419159e+01
2.162700913689684512e+01
3.110646427708660156e+01
5.071962300048202366e+01
3.006034998727479035e+01
2.188965800228311664e+01
2.252633027395404497e+01
1.977673504400505777e+01
3.594496578950978716e+01
3.250025359831737859e+01
6.405090178751774488e+01
2.244938855986974247e+01
3.926533649189335051e+01
6.210164387926516127e+01
1.958508259529660833e+01
3.608802227142420094e+01
5.396258024765888450e+01
4.397877983392786660e+01
1.038670238176931804e+01
4.533771021052110939e+01
7.642324459505860546e+01
3.688097295461728464e+01
2.447816701883188983e+01
7.726299702960518800e+01
1.144984330594992272e+01
1.695678494878849207e+01
2.506830720473269736e+01
3.484759869457213455e+01
4.219446984289162117e+01
1.851401235781393950e+01
5.484973290628740727e+01
2.159556105316184116e+01
2.135453573752117151e+01
7.669014762583285183e+00
2.201777463852696570e+01
6.253649183391976862e+01
4.034881173392574283e+01
3.245494126434088145e+01
3.139501085383164281e+01
3.495983896614431075e+01
4.162146911685676542e+01
8.792937986418195351e+00
2.501598950419766254e+01
3.953628625147512565e+01
2.379440808632188009e+01
2.190129443226977202e+01
3.406316451770947396e+01
7.451398856221000244e+01
5.213955695347149089e+01
5.753887422186434719e+01
1.436998222901440059e+01
5.180832372979910616e+01
2.322920273185361495e+01
2.443296366401521880e+01
4.196879355424552926e+01
2.846327214234859326e+01
2.513220758609909922e+01
2.845323042585279438e+01
2.352128411790538820e+01
1.757678104997586033e+01
2.988498663565483326e+01
1.678963218445690941e+01
1.949167790781618237e+01
2.856386093427372330e+01
1.097473481957424291e+01
1.674522702833794341e+01
3.754673893905656001e+01
2.156302921504011039e+01
4.406238546548448909e+01
3.542518732956656180e+01
3.708511989052917812e+01
4.622768147523337490e+01
3.368117589588816685e+01
2.234033608029457341e+01
1.434019285664645693e+01
4.314077351243052050e+01
3.360327671818782136e+01
3.499733249636385324e+01
2.305239792238705121e+01
2.605057194560346190e+01
3.861142560141801283e+01
1.966461065027622013e+01
5.237286175924744924e+01
2.955791805105312164e+01
2.324723410115663569e+01
2.630121008039542119e+01
3.024478818326331364e+01
2.609612271177075726e+01
2.216615969290262456e+01
2.967234395002965641e+01
3.174487440797191340e+01
2.832703812470805715e+01
3.222983554817950136e+01
4.019890146009221610e+01
3.504635787085335608e+01
1.979871134911077135e+01
3.147870763954433215e+01
2.727713563889581039e+01
2.536963196311275226e+01
3.867313473482700914e+01
2.736736668536643080e+01
3.763800759713891608e+01
4.057036593113914336e+01
1.655280450489443211e+01
2.533681783210128202e+01
1.794935247409338075e+01
2.783883438891084694e+01
5.174129224690511109e+01
3.086670785406218087e+01
2.622492413666785538e+01
3.286064018147664711e+01
1.519126040164947433e+01
3.250876988721950056e+01
1.905096211001736251e+01
2.044502629505955937e+01
3.630657376952775905e+01
2.875570652676202243e+01
2.160474638603035658e+01
2.750372674659099914e+01
4.105801199191892437e+01
1.957349213537226973e+01
5.612409143346214790e+01
3.638193551802721970e+01
5.192648161350880542e+01
1.993079541551727374e+01
2.405488414650275786e+01
3.508551072796331027e+01
2.374364905162859429e+01
4.094007289487478829e+01
6.451606978927972413e+00
3.114580905123390764e+01
2.682367319859327992e+01
5.296825441041649896e+01
1.950886339573548867e+01
2.335285060901583876e+01
4.380162198403541396e+01
2.098379318698994211e+01
3.872767627048904870e+00
2.709386637821222621e+01
2.330399675728756037e+01
1.572664700225821832e+01
2.663293251578969389e+01
6.779277497179015199e+01
4.385070571454131283e+01
2.111425197670604348e+01
3.427759794315868902e+01
3.879936070326239417e+01
2.720323874158991373e+01
1.536922096593532672e+01
4.237140403945038969e+01
3.436315148765212513e+01
4.701293389034756132e+01
3.076690920230478099e+01
2.233589644374325189e+01
2.552477216721841202e+01
3.119538084906359643e+01
3.004281529049302435e+01
3.102544352698105001e+01
2.331861419846450900e+01
4.660088191189812790e+01
3.121434032680164705e+01
2.640975335119457412e+01
3.835810520600147555e+01
2.959911722096322251e+01
1.997601347947686889e+01
2.282168384062916999e+01
3.853831547264079660e+01
6.422752555959282006e+01
2.768174340132289757e+01
3.022042180477493289e+01
3.295553228171839066e+01
2.821295627902984648e+01
6.123673111282925419e+01
6.571356898624274834e+01
2.572960137527988422e+01
2.577962080740091011e+01
9.822829791951884104e+00
2.564989155984576286e+01
3.596829427767493570e+01
2.621142056413709298e+01
8.154255766364157409e+01
5.719378299264731425e+01
3.420317665032389698e+01
3.276527691412624677e+01
2.913186165300854213e+01
6.525616651626921794e+01
4.920009436118203183e+01
4.467041459421584904e+01
4.332195450228947209e+01
4.497654493560776956e+01
5.357174419089953687e+01
2.740136793417047301e+01
4.299839938921275717e+01
6.594134419891079801e+01
3.093503682627319051e+01
2.516332957085460365e+01
3.203292726078791475e+01
3.124686191870389607e+01
2.800688372216506039e+01
2.299840831870605484e+01
1.823837454427338400e+01
5.907004227762647020e+01
3.479239532189107109e+01
2.863474001450953921e+01
3.950879198080937016e+01
1.793205333302417870e+01
3.043981836525480134e+01
3.629228276328618819e+01
2.559682471831583683e+01
2.004609175997860859e+01
1.767866950219265121e+01
-1.158274522214508107e+00
2.883209547813919116e+01
4.028812001403910159e+01
2.638044248367518563e+01
3.269427489430348288e+01
2.274739016131292857e+01
3.120428709681064916e+01
3.963682791535951111e+01
1.800455055934537540e+01
4.116950808015621277e+01
2.087331786817643220e+01
2.623767396117784045e+01
4.817642992782139544e+01
1.353898527728229517e+01
3.854859208270763560e+01
1.915957336000422373e+01
2.660083402454867851e+01
6.803582737654875423e+00
3.484875716544427604e+01
1.676133733447313645e+01
3.579383590416013305e+01
2.487796464832424448e+01
4.230901100934787706e+01
2.196868260670394335e+01
2.720151072861047226e+01
2.234296707707170526e+01
2.227433948071472258e+01
4.435548419167165690e+01
7.331382252437298064e+01
5.356265818762110342e+01
2.081016922129199287e+01
5.283316937025377769e+01
2.289711540080720198e+01
2.343607878353759588e+01
2.167459821884301618e+01
2.237887444403885695e+01
2.417321162317404770e+01
4.599054776192389227e+01
3.555242717794441631e+01
2.262470206580079335e+01
1.544821294074685625e+01
2.869564168621703004e+01
2.810929785884478349e+01
3.870268942957356728e+01
3.572567959884482036e+01
4.069407130201471290e+01
2.808659886177660781e+01
2.382368748042603102e+01
2.307655749363118503e+01
2.756304864830290313e+01
6.183190146218566952e+01
2.489517642052498303e+01
3.269399434574871322e+01
3.830182944624038299e+01
5.445750782608742924e+01
3.247465679679040562e+01
3.014772004101099512e+01
2.381466772249984842e+01
2.577408493478355211e+01
1.688446425557162200e+01
3.875629298088130525e+01
2.510016883691006129e+01
2.766833568481376204e+01
2.633095416814736112e+01
2.098729389199782247e+01
2.455426589326727438e+01
4.265585301745519331e+01
3.863183538066085276e+01
2.021589739462663005e+01
2.669756015127104121e+01
1.292848712770026864e+01
1.916104069784966413e+01
2.279880688940441047e+01
3.203164037998909919e+01
6.313214912271813262e+01
3.940411573977171855e+01
1.957909642311483722e+01
6.235791561306734820e+01
4.947981695234846100e+00
3.303413192171896640e+01
5.781878250097943095e+01
2.233616964484868816e+01
2.354867971627822953e+01
2.950083279107136747e+01
2.724195729092421203e+01
7.477448728411018486e+00
2.663041879105424670e+01
3.207030393795135126e+01
2.753463973761551742e+01
4.072957933007387510e+01
1.239714759055367921e+01
2.791493663595340280e+01
3.049354759036107154e+01
3.522337599164416844e+01
3.498708335097703781e+01
1.187184075595006050e+01
6.444768811867507452e+01
2.813339672429572857e+01
3.102673373634759457e+01
2.404268172534162318e+01
3.195103684291029111e+01
1.846474920490930316e+01
3.842703324077079685e+01
1.924296426914228419e+01
1.987571344513292360e+01
3.710540877619336442e+01
6.539412857833646342e+01
3.778100826775629173e+01
3.247263626638886791e+01
1.841491119826509149e+01
3.235274634483106126e+01
5.944821567577456278e+01
5.079220784665873367e+01
8.189928295818832282e+01
2.971780263874010686e+01
4.294109797427766750e+01
1.841519919470579225e+01
4.729168740328351817e+01
5.114914544318848044e+01
1.535969333686217730e+01
2.428698271040331136e+01
1.331256744726788810e+01
2.556620057863016626e+01
4.327233459971795071e+01
3.327032290352557453e+01
5.353785616589851060e+01
1.824358922921325643e+01
6.421356027077915485e+01
3.211461967640399706e+01
2.543594882015711534e+01
1.791289380826624367e+01
1.476338830964118465e+01
4.191544371916980793e+01
1.971194765998342646e+01
2.329326429621740147e+01
4.491313605424567612e+01
3.737054857793449258e+01
3.539779884665615839e+01
2.390666338927606205e+01
3.976307756933490367e+01
4.058605324478037346e+01
2.217356096797033516e+01
3.042558334556991184e+01
