2.647128430220647033e+01
7.622092118341269895e+01
5.408500021999264362e+01
2.241484943306042510e+01
3.350991962478081376e+01
2.894436493500553098e+01
2.832268237146274359e+01
4.028594425554666003e+01
2.282754714736890378e+01
5.294537729748354593e+01
4.527987766927170554e+01
3.390059203874226768e+01
3.530945943813727439e+01
3.100217331812779520e+01
3.889612963241689414e+01
6.186695536949577701e+01
1.905030646048956910e+01
3.217594772676920911e+01
2.402775134553610314e+01
3.044078456106071684e+01
3.236804016895278124e+01
2.863075143972697134e+01
1.738401088049109688e+01
9.647484538223491057e+00
3.107107575286461554e+01
2.512994104251131233e+01
5.026478483202332370e+01
2.322969409215813386e+01
1.885924237883131127e+01
3.683642414092568629e+01
4.559549134095914269e+01
6.768251091778243733e+01
3.180251121992707652e+01
1.385527595615219631e+01
2.434011362496362452e+01
1.462303165292798290e+01
2.569820323552350416e+01
1.999934014631735124e+01
2.574870372382063621e+01
2.285135390139048184e+01
3.063652367045843050e+01
3.331634182512917874e+01
4.540428784889735425e+01
2.729791717500826564e+01
2.941318201061789495e+01
4.397407143766230320e+01
4.598740782706889973e+01
2.319265516664071214e+01
2.071147235069505754e+01
3.147995372225457800e+01
3.414558126020779838e+01
3.023121841045965041e+01
2.750001397067956432e+01
3.328363404191119201e+01
4.939655947453871931e+01
3.825988780984304327e+01
3.007765482283565817e+01
5.365874251567064590e+01
2.420179783143566965e+01
3.730508799132698528e+01
3.790430715268976769e+01
2.433573417523113847e+01
4.367556515809294382e+01
3.913220402300658662e+01
4.380853484630732453e+01
3.935015256186125754e+01
2.704256409507652847e+01
3.137337638311175425e+01
4.792690005134698339e+01
4.028073314572483099e+01
3.035662390205282790e+01
2.683731295748306422e+01
2.430415202173725220e+01
2.248813539041442056e+01
3.313777819328881691e+01
3.377031753280314685e+00
2.422519607290075072e+01
2.130200467451040325e+01
3.145225005686410213e+01
5.190562706529713921e+01
2.684888186313236957e+01
2.231852072430625356e+01
3.116957138982203901e+01
2.568937068171318572e+01
4.315104849179383706e+01
4.185535807453057799e+01
3.471665464119760003e+01
5.456297720318045208e+01
3.233265400972965153e+01
3.093950904029345494e+01
5.197387014320826637e+01
1.850697375173956516e+01
3.904231340764832936e+01
3.656744969898510789e+01
2.366567511853518724e+01
2.593387039563587138e+01
3.848011776573935805e+01
6.860805949352047151e+01
2.863825827177785754e+01
9.238435661738391147e+00
2.376492728033607804e+01
5.852851946501458258e+01
4.548266586974408909e+01
2.849362634259095728e+01
3.151814467752665649e+01
4.890238671951005500e+01
3.011385479042907320e+01
2.875790624589336275e+01
3.289054100314036333e+01
1.620721377613552860e+01
2.439282209132676016e+01
3.188932189443358212e+01
9.597001740940870107e+00
3.500786320909838167e+01
2.225176806015262798e+01
2.089837918720228771e+01
3.678800433190534847e+01
3.279002663245335469e+01
1.520198073948235518e+01
3.674582539159047201e+01
3.710890381131056159e+01
3.892977151186152440e+01
2.401606265641302329e+01
4.851321314380328431e+01
2.510332857765870784e+01
3.374772986772272532e+01
4.773439731266731911e+01
2.988495973250745763e+01
2.758166829660684272e+01
2.874391875629319060e+01
4.184487302550738974e+01
3.012813856295073833e+01
5.616674350994698273e+01
6.637703510302593202e+01
3.675979406440201558e+01
2.631352829802803939e+01
3.880994068472632819e+01
3.241691473369409948e+01
1.972957426416161297e+01
3.066374698063037130e+01
1.997298895219604020e+01
1.426246282299111279e+01
2.832623577317250607e+01
3.140558415059523156e+01
2.611700864137821654e+01
1.256404312402879597e+01
3.549130805346256068e+01
2.579633950600911163e+01
3.604024559752338774e+01
5.138672585834755324e+01
3.148433991951204547e+01
2.690407991310856417e+01
2.663644421954587926e+01
2.407825520295875776e+01
3.828092199711825572e+01
3.728192815413961370e+01
6.392563495802131968e+01
2.847847066686292550e+01
4.181805215372200735e+01
6.331953046643548788e+01
2.010080206126210811e+01
3.631591274470493858e+01
5.512681905469149513e+01
4.574024310690248996e+01
1.788307400014025106e+01
4.775002890578020498e+01
7.829053225851987463e+01
3.794894126999420081e+01
2.732424942427846304e+01
7.513181093732099214e+01
2.104646361378181751e+01
2.156710375245516786e+01
2.329525866830131520e+01
3.518945024663918986e+01
4.412143416906204862e+01
2.252174129421820226e+01
5.635738129578473377e+01
2.420746605691130071e+01
1.700116973035319035e+01
8.044633176493451998e+00
2.734246372925395718e+01
6.275900367302200777e+01
4.060558382583381132e+01
3.148333214383170997e+01
2.741853250071726222e+01
3.614125036077708586e+01
4.131019664386169410e+01
8.575647693584562248e+00
2.666202574878127507e+01
3.938746124954447225e+01
2.679428641244862774e+01
2.612795848703537160e+01
3.540922584704861009e+01
7.441481760480178309e+01
4.976451270967603335e+01
5.859066865332228957e+01
2.173902864917587152e+01
5.283095752106556375e+01
2.725778853320531070e+01
2.648384906673965844e+01
4.250327095502279207e+01
3.104736040734563218e+01
2.649055533926564721e+01
2.859980711943106968e+01
2.695226153982090622e+01
1.864196957653965825e+01
2.938949956059951063e+01
1.924371115754609818e+01
2.386596408161942051e+01
2.872606979393360405e+01
1.701681490403139918e+01
2.325669850232369384e+01
3.994887936435574005e+01
2.514099279008329191e+01
4.370618896205522930e+01
3.500982955303577882e+01
3.731577522802361813e+01
4.848813423859264304e+01
3.224993802885882843e+01
2.573112154100441273e+01
1.524108153583667580e+01
4.530041772338421424e+01
3.488100737978522403e+01
3.660211728118612484e+01
2.597357509555686406e+01
2.982129527704194061e+01
3.784140403621929494e+01
2.352605076482011981e+01
5.595961635746679974e+01
3.199200309681256371e+01
2.632215174567075522e+01
2.898903544562763557e+01
3.277043546469635515e+01
2.643882794096806776e+01
2.224387684981762803e+01
3.343166768741829031e+01
3.424774333442812946e+01
3.027898590461163764e+01
2.922757304594880168e+01
3.900192694044030617e+01
3.155974829851257368e+01
1.802411273375836132e+01
3.386926225461780149e+01
2.731316293345792445e+01
2.615946654904035285e+01
3.862065519862201768e+01
3.069520415330130803e+01
3.816854182255735140e+01
3.577146532896704656e+01
2.245730119733202912e+01
2.783452717385628716e+01
1.934513129038295176e+01
2.651369933530227030e+01
5.171927293170339368e+01
3.449172997167875820e+01
2.700789495820982467e+01
3.512125645201668789e+01
1.811759133159056745e+01
3.455793018214530576e+01
2.790137776989206486e+01
2.400173926240314159e+01
3.731522189896293895e+01
3.098532643133889763e+01
2.423795307946081934e+01
2.748086965038926266e+01
3.995229957762420980e+01
2.304411910087299731e+01
5.543029227054311292e+01
4.003695814346350090e+01
5.533207396104747033e+01
2.364354311380122908e+01
2.765589433724815649e+01
3.892666018415745555e+01
2.340311470923401060e+01
4.070099987914525030e+01
4.176815020934341760e+00
2.913787758036323083e+01
2.916491643268403777e+01
5.416247992895537777e+01
2.517881175207548949e+01
2.926288770356706337e+01
4.729252483716795297e+01
2.801435924829909396e+01
4.412670068070317919e-01
3.078668755015026548e+01
2.639909021142868895e+01
2.215232620035048683e+01
2.994655044323072701e+01
6.905132413410873937e+01
4.278285892324264950e+01
2.651489002838411935e+01
3.378363736738265999e+01
4.035509342226050933e+01
2.945994067547714579e+01
2.342831815264818829e+01
4.362862092548771642e+01
3.633977148687930736e+01
4.443666399910232911e+01
2.944118105433076948e+01
1.857183440523843387e+01
2.408913328709304125e+01
3.587741884585221186e+01
3.259635147516483045e+01
3.204491226580655194e+01
2.330575268811873002e+01
4.565121165460633534e+01
3.116066268578641285e+01
2.868813332172506847e+01
3.806303886465877184e+01
2.669378537382281991e+01
2.477654739188403710e+01
2.871800948892595429e+01
4.054818143793824703e+01
6.080151795996007991e+01
2.704894701718676231e+01
2.917334204442763124e+01
2.556994150087044915e+01
2.998761007636876741e+01
6.025565669880094077e+01
6.597605894320227549e+01
2.899530478625809238e+01
2.804896522694089711e+01
1.154841532393117909e+01
2.993424517866396428e+01
3.915233086959147357e+01
2.799518977967276001e+01
8.289546048731726557e+01
5.670391392125369379e+01
3.363849205004208187e+01
3.308587789154490366e+01
3.215388267993876070e+01
6.660364677500362518e+01
4.569292386055087007e+01
4.266538705363578998e+01
4.621568598509063008e+01
4.620790118846740313e+01
5.181913054796879692e+01
2.850030824983902988e+01
4.144334298730159816e+01
6.657195055989400601e+01
3.106503347471845800e+01
2.679019040914800343e+01
3.794018612798450363e+01
3.389841576724970196e+01
2.872639471771270792e+01
2.513721877201536969e+01
2.105196043813454310e+01
5.950570367078118750e+01
3.230824107271929790e+01
3.045071032449148873e+01
4.132400671194585584e+01
2.455487005762200425e+01
3.292273494183370985e+01
3.879249904560447959e+01
2.950846042160618765e+01
2.414672365540259591e+01
2.241349848344514228e+01
-3.914457783476481101e+00
2.926580982089911487e+01
4.343056068120670687e+01
2.591257330508133094e+01
3.301768998653950860e+01
2.684286279081889859e+01
3.411511126395582494e+01
4.100816279629651007e+01
2.255146837611785315e+01
4.465415128913358700e+01
2.587741982323626289e+01
2.829788502424956675e+01
4.821030706903324159e+01
1.895141511048997884e+01
3.797698635744803397e+01
1.795855497265218048e+01
2.861514151259260430e+01
9.064072277366506114e+00
3.342033733277143170e+01
2.344730952429485882e+01
3.681976786296710458e+01
2.636778735976038490e+01
4.301856297575775301e+01
2.371270078630780276e+01
2.720890733410304563e+01
2.023496153722977553e+01
2.140593845162141662e+01
4.329776189435329314e+01
7.427786253477496814e+01
5.513071906254911170e+01
2.673285366852500999e+01
5.035324934865373336e+01
2.465573569278971178e+01
2.614440229995098974e+01
2.615251690045130673e+01
2.086941544844491858e+01
2.660848812896596272e+01
4.972047443758452090e+01
3.863049393279455046e+01
2.699828909854215908e+01
2.026380478296071175e+01
2.710874288413192801e+01
2.698879276644474956e+01
3.973611724296068104e+01
3.670865970835829017e+01
4.166287452566025706e+01
3.091637656210760099e+01
2.937667437989738062e+01
2.510642281723524860e+01
2.817768706656376665e+01
6.195709810971337106e+01
2.889141566577642095e+01
3.277147427886059461e+01
3.898339038774533805e+01
5.244446753933470262e+01
3.346543593126893512e+01
3.479406338280001876e+01
2.290957643300773228e+01
2.985322840921395482e+01
2.308646797381900129e+01
3.523049639149748913e+01
2.902731940773021080e+01
3.011118721211740734e+01
2.802999097409799489e+01
2.235840509687125888e+01
1.966231583624040979e+01
4.321952913207474012e+01
3.965485057773891953e+01
2.367744484249826087e+01
3.104189225098821225e+01
1.902580406874042040e+01
1.977065199658278161e+01
2.735680792110900938e+01
2.792948623790000795e+01
6.270242209621908103e+01
3.702100338785896128e+01
1.981520563870240537e+01
6.140245408458412868e+01
6.952893357978053857e+00
3.551976903451742373e+01
5.736936565340068483e+01
2.423279914539610758e+01
2.599656210412783963e+01
3.055209657303003468e+01
2.679817775012084269e+01
1.687774338859975032e+01
2.843976858603792124e+01
3.492791539575429027e+01
2.767340941116680852e+01
4.328178493879555333e+01
1.789195674751607612e+01
3.054254425002509166e+01
3.403638021724262330e+01
3.501065277773995632e+01
3.870301797714176217e+01
1.934997506544680235e+01
6.605084293018087749e+01
2.831738137019742396e+01
3.368308029839901252e+01
2.151708859183049327e+01
3.250630228211475270e+01
2.112674500664229171e+01
3.322402828488402093e+01
2.269171379561028346e+01
2.433389320517767374e+01
3.853601548231726071e+01
6.636997077266120471e+01
3.889860990307194299e+01
3.498553551363930580e+01
2.432973203444263888e+01
3.108130265100776057e+01
5.690540969744868249e+01
5.364208901783889871e+01
8.401882228082281756e+01
3.198115873558905520e+01
4.559876931844015502e+01
2.033492981552606693e+01
4.621985153343140951e+01
5.281009079790288752e+01
1.922104241591537033e+01
2.741213145552128694e+01
1.278217927601792070e+01
2.919541967212553146e+01
4.383865406521533004e+01
3.752670435091091150e+01
5.031067695965425202e+01
1.779329412851517134e+01
6.541611733550981000e+01
3.576699784388523540e+01
2.952776766104446438e+01
2.405614421912364875e+01
1.486364145597960196e+01
4.242547724650280827e+01
2.470646627696128661e+01
2.555494418591347028e+01
4.165860437251080128e+01
3.810559955194982962e+01
3.517217595369285021e+01
2.784236715883141500e+01
3.882271125093327413e+01
3.346948558499925497e+01
2.536292695071086456e+01
3.337531286584518853e+01
