2.581128165120753692e+01
5.311430426484366762e+01
3.567453070449016650e+01
2.132700248694832368e+01
2.452310348898057413e+01
2.665612785981852539e+01
1.861369105796256918e+01
4.179068650527187856e+01
2.398837063587748730e+01
4.796438745837804163e+01
5.130534206251127216e+01
3.543627865710010383e+01
3.325584923916431990e+01
2.796052389801411664e+01
3.072546133413561620e+01
6.128286289345123805e+01
2.324076288239143651e+01
3.854060982961709669e+01
3.450810911176267837e+01
3.695572039698151912e+01
3.248497099343524042e+01
1.572449678848533949e+01
3.939820244411055228e+01
3.627803071645030286e+01
3.945549812917124655e+01
2.327461797993866099e+01
3.038168897950345126e+01
3.562257203972694697e+01
2.412586014352109487e+01
3.042606965702123034e+01
3.312840226788830478e+01
5.733175147028055108e+01
3.360035383524154895e+01
2.303307437928242507e+01
2.277292147735045091e+01
1.005309551788013778e+01
2.577047497103012574e+01
2.416807315000733070e+01
2.464292466268307180e+01
2.075231227941225143e+01
3.201945275338016472e+01
2.267034830178721094e+01
2.944436420899751283e+01
3.981825854803173570e+01
2.504242227586841807e+01
2.838292742369776533e+01
3.074609207705663039e+01
2.203443957434152267e+01
1.840186615038399154e+01
4.861603113848033786e+01
2.525967117668187711e+01
2.457580386677216211e+01
2.846575646711607988e+01
3.982981315959477797e+01
5.247341776218672749e+01
4.790256729551218484e+01
2.859205071549149579e+01
3.313401123522861269e+01
3.177088992091375985e+01
2.974611528039537234e+01
2.278562189590078191e+01
2.626245298070989520e+01
4.693503798696428930e+01
3.503048802543871432e+01
2.719926581721591674e+01
3.468802552083312207e+01
2.363839261857097540e+01
4.195958401673397020e+01
4.160391248810992693e+01
3.362524728905009397e+01
2.410848382556022784e+01
4.173219811095623299e+01
2.050360579535810501e+01
2.466868531705767964e+01
3.107186897024121208e+01
1.390460181375237880e+01
2.329392274465044466e+01
4.017417844066949328e+01
3.170967565265626931e+01
5.211748775132946321e+01
3.242297459303608775e+01
2.420918290994347899e+01
3.074148044741195918e+01
2.701854416616936305e+01
3.688762241406823250e+01
3.043607131335015836e+01
3.116017460303896769e+01
2.833873285031586420e+01
2.550299068203366915e+01
2.714591820518120358e+01
3.598859907628502697e+01
2.943040536998159951e+01
4.992132941885211039e+01
2.775290194474796124e+01
2.470442249556002423e+01
2.937032451535162636e+01
2.726335357395873871e+01
5.251128891819098499e+01
2.548614046019957868e+01
2.734766023228587528e+01
2.528046885478988770e+01
3.737894404982557717e+01
4.093931092208094924e+01
3.256723108125782318e+01
2.605709663390866027e+01
4.308540938844612356e+01
2.898538334702789143e+01
2.903812260293403824e+01
3.466235501903793192e+01
1.167140641419177882e+01
2.460410796155542812e+01
3.945471415483916644e+01
5.206407101842680518e+00
2.474997958197764092e+01
2.471843774853533660e+01
2.280537419250777020e+01
3.264196621124756348e+01
2.778906326548553807e+01
2.445167812773797777e+01
4.778351550893421518e+01
9.810620964288318646e+00
3.107652600671895016e+01
2.874873074699326025e+01
3.321848671402403852e+01
2.426773423207447422e+01
4.359692878308851505e+01
4.028838109646855514e+01
3.197461022568876388e+01
3.315636495742364787e+01
2.319209207233029701e+01
3.478685811547120466e+01
3.026577096629580410e+01
5.821193670198999826e+01
6.451071244558625040e+01
3.108329313627699264e+01
2.647048236207319860e+01
3.095354137715980869e+01
3.155059870932018384e+01
2.826748874668919598e+01
2.614236641852477305e+01
2.588440009261830710e+01
4.314844054467827483e+00
2.212035157006994268e+01
2.763991801416381122e+01
3.664768029252445558e+01
2.297481148457382005e+01
3.543192715728582698e+01
4.134540698072669329e+01
4.188278462928519730e+01
4.971486538537897104e+01
3.055383622088186257e+01
2.817363893347646808e+01
2.871154163681785576e+01
2.936438239811832318e+01
3.582679302904739416e+01
2.796019199428167212e+01
5.927971978046116419e+01
2.617299013312739930e+01
4.382138134014348907e+01
5.765829717234009877e+01
2.653908359984757226e+01
4.803384383053889906e+01
5.503498446255616727e+01
4.016519823871658446e+01
2.548021273330596159e+01
5.680373146950773844e+01
6.191777697396719304e+01
2.520627674707975530e+01
2.643792748297801154e+01
5.674967479170300066e+01
3.397312626834536786e+01
2.481014146959979882e+01
2.977828742122073891e+01
3.133761443466391938e+01
3.221669959921564441e+01
2.596841936161490594e+01
5.621872806108876830e+01
2.360454584503114717e+01
2.287614317480449699e+01
8.493042322206747485e+00
2.442113363363023382e+01
4.090742943270197429e+01
2.841272817440267318e+01
2.710228613550777510e+01
3.177519657040347312e+01
3.328561308101288319e+01
3.433750951457818701e+01
1.811830045049595661e+00
2.485695380547440436e+01
4.672442513149962906e+01
2.617686422775750543e+01
2.369947731069477470e+01
4.762570938776240581e+01
6.009177130751777440e+01
4.300211183234068812e+01
5.828519327727553900e+01
2.577564502878794883e+01
4.223534934262261231e+01
2.407371370648812103e+01
2.182735355418014933e+01
2.230213669778547469e+01
2.441579331988313584e+01
3.649343871976816445e+01
2.660187291016762856e+01
2.874228704589040717e+01
2.194730876991457080e+01
2.778749564763143098e+01
2.369457501890587992e+01
2.242140724261344076e+01
2.756086176929255416e+01
3.822388284548651427e+01
4.812360285897739232e+01
2.871884597473081158e+01
2.650924100474864531e+01
3.362096322472621068e+01
2.576358153163482712e+01
2.852537101908893646e+01
3.381742803530141828e+01
2.627509506187851684e+01
2.375493928384574005e+01
2.481788865529233590e+01
3.799351987106865636e+01
2.554774840943900927e+01
3.298871665857586777e+01
2.783548660871338143e+01
2.575809917304104601e+01
2.908026263003011991e+01
4.181597587302530883e+01
5.075764728914555235e+01
3.467172682978116427e+01
2.981155518097375534e+01
2.541746188290255759e+01
2.430847419211386296e+01
2.361098360489440395e+01
2.388229086516048483e+01
2.941370399937630964e+01
4.632093605591217056e+01
2.095151703659727005e+01
2.677715744003777587e+01
3.214832964992275777e+01
2.969974329722587569e+01
2.164646852390213638e+01
3.099750636055182440e+01
2.831948052570845675e+01
3.052827624676865526e+01
3.211439818200167906e+01
3.295024278514347316e+01
4.264350076478112328e+01
3.126691354845903703e+01
1.486865075949754100e+01
3.837733797149849124e+01
2.211058209795044149e+01
2.722425204060266424e+01
3.479361715319464565e+01
4.825188657786929980e+01
2.300326079629275000e+01
3.167093825957863373e+01
2.817955699739013653e+01
2.915971151108578852e+01
3.641034080354620528e+01
1.925902296216736431e+01
3.711275199739344544e+01
3.692333981518322616e+01
4.122358062078274088e+01
2.545189952125565469e+01
4.024448186642212022e+01
2.295236384282021191e+01
3.962592749685848048e+01
2.766921432789968094e+01
5.663730553918503574e+01
2.982981966155057307e+01
2.494264653029341616e+01
4.513976539133091137e+01
2.453359138316061205e+01
4.800589092423202686e+01
5.517734502192945811e+00
2.718057845683512141e+01
2.692718267574543489e+01
5.568568695341673447e+01
3.382683599380584383e+01
2.565585210434323926e+01
4.546517181912349770e+01
2.643320888323228246e+01
1.067444554952803770e+00
4.596139006035446073e+01
2.467071083890593286e+01
3.359499067984870635e+01
3.445673908152457443e+01
6.442297930923938054e+01
3.076330530425590837e+01
1.678021197602220127e+01
3.159827656659763306e+01
4.494686819508206099e+01
2.647518797367138177e+01
2.521741963136059894e+01
4.656170279187790584e+01
2.607243318691826062e+01
2.602595517208010278e+01
2.835569917655124073e+01
2.349732791175978264e+01
2.301530306215235555e+01
2.455131199967495093e+01
5.177281031747406814e+01
4.182921764071244297e+01
2.493845512478765158e+01
4.851733710166479341e+01
2.520616206395925474e+01
2.753902469519675833e+01
3.495178565824524242e+01
2.444102237570271541e+01
2.448645489337786785e+01
2.526883342681321665e+01
5.291430907847279741e+01
4.799822742670903608e+01
2.771731001680086592e+01
2.861748771525299162e+01
2.660176423902906606e+01
2.590482723575041746e+01
6.127175341255770036e+01
5.466389825662190560e+01
2.421220023826072065e+01
2.564237822178981219e+01
3.280246743784400287e+00
2.799870302874478512e+01
3.809574154102392640e+01
2.758598932763559830e+01
5.674510552098217886e+01
6.052529420897826640e+01
3.489690459312259918e+01
3.000206232749769697e+01
4.421462786445044912e+01
5.212180502841771101e+01
3.807863933511544019e+01
3.140521171363695885e+01
2.966757697262664806e+01
1.689414074195288151e+01
5.147209637575406305e+01
3.510594591701556055e+01
3.333762613136116215e+01
6.542397512468323839e+01
2.924935636828649876e+01
2.732227111329855518e+01
2.732768589911711388e+01
2.806045675497898628e+01
2.575147610317117142e+01
3.479076546298287553e+01
2.772156291176543164e+01
5.785059873634600081e+01
3.019760129931465897e+01
2.168125038802128302e+01
3.411518674303215448e+01
2.446278595323917671e+01
2.436888326760607626e+01
3.513743147236510822e+01
2.845863740112463347e+01
2.389197412871726556e+01
2.895381229851773242e+01
1.640624039560549363e+00
3.482360913725668183e+01
4.657478630072364467e+01
2.158041562394990365e+01
2.320432521640708501e+01
2.454212687464419673e+01
2.568881955397228012e+01
3.380901829202775843e+01
2.426090902611178990e+01
3.716540171120232117e+01
1.392473642496952380e+01
2.292083143679423074e+01
5.240021214351509116e+01
2.432017154474203124e+01
3.291989884723652438e+01
2.222809269599235904e+01
2.546494058161254870e+01
2.578413226509951528e+00
2.591768985316684848e+01
3.818857552867848426e+01
2.821119050905142700e+01
2.273230892198796482e+01
2.474155891405462171e+01
2.339359160333401633e+01
3.500146521960641621e+01
1.938676441611460177e+01
2.821894287560553494e+01
4.771743977183291463e+01
5.768121882159601910e+01
5.676343464653655246e+01
1.332355729608752881e+01
4.598165141440037473e+01
2.633155155877912534e+01
4.164427124196663499e+01
3.702006660075858235e+01
2.234079947756382012e+01
2.482983013955939100e+01
4.155375228715274716e+01
2.397573814627396160e+00
2.332115237262769369e+01
2.080971553115887218e+01
2.507018170243236455e+01
2.633611390204332281e+01
3.144573257716632497e+01
5.160878448018661402e+01
2.419283949079357399e+01
9.246728289009297441e+00
2.480629244162412306e+01
2.706159834872050851e+01
2.367434014506313744e+01
5.649043798584989418e+01
2.933369282775666420e+01
2.414514045920432039e+01
3.939075392670179099e+01
5.417036025775996677e+01
3.693134478620437022e+01
2.290272739493411791e+01
2.232095786932390880e+01
3.293423175064344832e+01
4.831801193161300034e+01
2.814288700844662117e+01
2.602795424470332364e+01
2.663402879080888397e+01
2.252551587987554171e+01
2.232970636913274376e+01
2.645008672042058606e+01
4.319993192388278658e+01
4.381081592624914833e+01
2.779081814747581802e+01
1.450407388738699410e+01
2.184294537298592331e+01
2.154570315409223369e+01
2.859062534942859202e+01
2.837909536064034910e+01
3.849371789354904649e+01
4.498145338576614449e+01
2.569371046196465613e+01
5.662245981844262133e+01
9.832277473218482555e+00
4.194326569537952309e+01
5.425093561321409652e+01
2.554099675345651121e+01
2.656620944320047784e+01
2.576922534176901536e+01
2.354005586587833321e+01
4.104114324619149556e+01
2.961607678310460301e+01
4.748862525435106363e+01
3.169572626339413546e+01
2.570858381846511520e+01
1.036532978715513309e+01
2.904991521974557855e+01
3.541885894390588874e+01
3.140947459969311240e+01
5.006954533396492479e+01
2.537406918170745485e+01
6.599205164985153260e+01
2.481173710952441525e+01
2.444806491870907905e+01
2.317208787370053358e+01
2.721682836964967578e+01
2.605654110031173332e+01
2.986553341709395681e+01
2.743203427041498799e+01
3.189174768704106100e+01
3.625771480933241975e+01
5.140090642547875177e+01
4.385060480690027873e+01
2.807987203625543771e+01
1.066133666196378726e+01
2.635317332544836688e+01
4.642885900662759013e+01
6.182305858982908831e+01
5.933893815602641553e+01
4.786538803755172466e+01
2.931866807577262080e+01
2.871370631720719757e+01
2.985728350741737813e+01
5.231722611219720420e+01
1.793539051461146983e+01
2.172693849615416184e+01
2.153766829122790227e+01
3.246738424864633998e+01
2.702728455493160098e+01
2.849471920276960191e+01
3.336165957491225242e+01
2.204974821578502997e+01
2.583313323771290015e+01
4.918521363595937146e+01
2.660051191208629007e+01
2.834646463665012561e+01
2.641808973057482035e+01
2.677683214971982295e+01
7.481963767631896189e+00
2.252779409211021999e+01
4.067458129407839351e+01
2.724040810262340528e+01
2.626101198603873854e+01
3.468202282864149311e+01
2.524348905750053973e+01
3.093784005487722411e+01
2.247102316940867439e+01
2.336290435627051920e+01
2.750948325930448846e+01
3.510371835866590118e+01
4.831683369724487420e+01
6.032915387654284700e+01
4.814378463814500719e+01
6.566738647882812074e+01
2.895774700193942408e+01
2.892958742683595119e+01
4.115643060108413920e+01
3.175323629095419165e+01
3.096679603164199079e+01
2.658630610595719190e+01
2.707620230114616788e+01
2.579971586638791337e+01
4.086076777335256338e+01
3.316318573481796506e+01
2.744635811970886152e+01
3.714709718064113986e+01
2.506918734878203736e+01
2.668046509917257936e+01
3.165410295698111298e+01
2.620652078271177743e+01
4.280317012432351476e+01
5.109355709540159296e+01
4.249744095486616402e+01
3.818436153966467828e+01
6.119113869274929129e+01
2.818003226876135159e+01
2.927241512320506445e+01
2.330636138879245323e+01
5.164076283919348498e+01
2.893548498930249480e+01
4.877612252584250285e+01
2.978494497064639290e+01
3.262324293844721979e+01
3.789749260878761561e+01
2.653649232537100033e+01
2.549137301936259803e+01
2.558438769356155262e+01
2.726323712561179491e+01
2.824964353327777644e+01
4.250650236592969122e+01
4.039312129062091117e+01
2.354235342556785326e+01
5.083542336032769526e+01
2.495219003907789102e+01
2.461500735247264515e+01
3.543845414643146796e+01
5.156062811383162625e+01
2.805053674883311032e+01
2.324542215053895688e+01
2.884164354605309200e+01
5.329772378967243185e+01
6.433917537443630863e+01
2.551827006421808619e+01
5.852010047942167148e+01
2.485053867709234510e+01
2.345077732223035127e+01
9.264732255609487765e+00
2.976076955041895644e+01
4.056560554437055544e+01
1.326474825084619624e+01
2.647689558380079689e+01
5.716238111427992408e+01
2.819486045491316872e+01
5.603756233384774532e+01
2.599137931388850120e+01
1.851181594197396407e+01
2.510565524687672223e+01
2.922043148381635547e+01
3.189059981283753586e+01
5.921012808159434826e+01
2.293394120274814085e+01
1.855782027153531999e+01
2.822898187153259641e+01
2.321631882369911182e+01
2.869565375106685678e+01
3.352528430240568014e+01
1.257928082504895428e+01
2.281643409952852153e+01
2.382627435445829178e+01
4.392315755241452280e+01
2.757797549578867802e+01
6.562648196521740829e+01
3.720430851488390545e+01
2.423709982949765163e+01
2.604606703182344063e+01
3.040516773054866917e+01
1.466662609652718174e+01
4.855259040450800967e+01
2.249957922056682946e+01
2.517841843399651225e+01
3.426776531283630334e+01
2.699893385654240774e+01
2.556081119476684904e+01
1.870433264994062483e+01
2.356478926827651321e+01
2.450145908861385635e+01
6.366226969359922805e+01
5.377373260106628550e+01
3.333524473886063788e+01
2.495469154698002967e+01
3.052922290697839003e+01
2.192463592182696885e+01
3.304906740844762680e+01
3.795132223515315673e+01
3.487864034714039008e+01
2.195111315118736783e+01
4.374640799000928837e+01
2.351924020487922462e+01
2.276635992893761795e+01
3.691005536876036786e+01
4.669476504817430396e+01
4.307563277539884439e+00
4.991186046175425872e+01
2.616665875806836539e+01
2.140192488104881363e+01
2.463907965663628374e+01
3.551998418382845557e+01
2.215998046753531980e+01
2.184480529186203057e+01
6.704090894502966691e+00
2.486259032474254838e+01
3.343140266441969288e+01
2.098256040198492656e+01
2.670228594837949032e+01
3.053022343890916090e+01
4.874502735538408160e+01
3.320277365223569177e+01
3.129747823060961309e+01
4.243017558706924319e+01
3.096560553377639735e+01
2.473701066502798085e+01
4.322561389596558001e+00
2.595258238312067078e+01
6.397822764773172821e+01
2.807578567890232080e+01
2.712249640527329220e+01
4.995279534706190816e+01
2.219145742262116983e+01
2.119397041345655452e+01
4.719699014410798554e+01
2.945353440895996755e+01
2.343506015048478730e+01
3.003348024216393242e+01
2.383328105624946147e+01
3.370905276769818215e+01
3.851869350853121432e+01
2.719937011744877964e+01
1.290234227458367577e+00
2.577979101660540096e+01
2.638866962483905354e+01
2.588357892737616517e+00
2.771932518839817305e+01
2.953653405367867890e+01
2.705121253570503370e+01
5.140693515181192197e+01
2.310701578405264200e+01
2.582195976005198190e+01
5.853500039236837438e+01
5.238502426649210975e+01
4.424730057560373098e+01
2.711198422371603556e+01
2.821483855194674106e+01
2.681000773824416683e+01
5.852272510578040965e+01
4.089084201150160425e+01
2.249158793266457224e+01
5.202637835066707339e+01
3.409799869366815983e+01
3.055970194060864742e+01
2.418669943351022766e+01
2.713747548665764953e+01
5.123374002394029958e+00
3.859296416694996879e+01
4.105760275625061695e+01
3.594656832036707783e+01
2.476377453315672028e+01
4.767291303879278530e+01
2.904809267109973803e+01
2.733387109896102629e+01
2.380843965172491750e+01
2.375688929439002095e+01
2.278444089878189516e+01
3.409140219320513410e+01
2.277834869951698238e+01
2.432257370748415326e+01
2.584713635957996303e+01
5.844885004134266637e+01
3.300110766772331772e+01
1.424264834529937795e+00
2.023656302133096219e+01
6.276392593748096260e+01
2.734458359127061655e+01
2.838077631169340975e+01
2.586620108307172927e+01
3.363982808858645512e+01
2.715313707249845265e+01
2.290357805580704564e+01
3.241022494148637634e+01
2.610260731175458204e+01
2.788995305449392959e+01
2.773973534420429132e+01
2.456627234685180383e+01
2.862289522555602161e+01
3.078736798964382615e+01
3.380207448707005824e+01
3.079734613022492340e+01
2.683224561689193166e+01
1.521775204321848207e+00
2.664418729012135856e+01
3.850352620457874764e+01
5.177675072581291715e+01
2.606912984180758031e+01
2.771269010167619484e+01
3.391238049117242781e+01
2.896460005279800498e+01
3.333680813675891841e+01
4.467133846077194903e+01
5.758301608412875794e+01
3.476081263605487948e+01
5.089320480156068527e+01
5.649392914349755301e+01
5.059210417571243568e+01
2.236648220657157538e+01
3.252100066901766695e+01
2.060491555382431272e+01
1.697042875021725195e+01
2.420635564040276222e+01
3.186323738687315199e+01
2.826289587822157046e+01
2.555887448129757900e+01
2.430339962327525427e+01
4.328968465082289185e+01
2.694056026744220844e+01
2.591551149493005823e+01
4.481530654455309559e+01
3.299739996869379866e+01
6.105397134114525670e+01
3.586587458005305962e+01
2.871827387873963744e+01
3.584863106218767115e+01
5.494041546549393473e+00
4.448725758778164163e+01
2.757959673991558702e+01
2.285704867049571476e+01
2.510664105760525899e+01
2.804105712851664123e+01
2.668916073797031174e+01
3.055326189913466806e+01
2.686427409986572457e+01
3.107430689716693450e+01
3.966847948295844617e+01
2.846013298576662010e+01
3.260491802871820255e+01
2.397748563726554494e+01
2.702775024625555034e+01
2.578010946074209642e+01
2.479232090792356757e+01
5.713382536756762420e+01
1.125767913359733807e+00
2.367014759763969778e+01
2.512143344361174968e+01
2.273860727465614673e+01
1.208305981222474657e+01
3.199592260245378839e+01
5.513219285500963451e+01
4.409906144590058830e+01
4.146421737726768697e+01
5.352413514808472428e+01
3.936793534355183510e+01
2.715053666754693040e+01
2.459918021509110986e+01
3.608186436723917723e+01
2.445656785271057743e+01
4.318376999879973255e+01
2.691734536963122082e+01
3.989359579451883064e+01
3.169713489811692853e+01
3.149690769116568845e+01
2.658463685715014435e+01
1.818187256166675070e+01
1.645096109996939049e+01
2.686761561285209154e+01
2.616534030495881780e+01
3.428137412587801691e+01
4.998448504745954324e+01
2.440280951009481214e+01
2.194968836667248979e+01
2.471990063667362847e+01
5.331612923766797962e+00
3.936946947596149471e+01
2.764855743954922218e+01
2.433105175139280618e+01
2.896357091185882382e+01
4.819527633373570552e+01
5.557831771478231531e+01
2.388243144789419148e+01
3.726596661871376170e+01
1.619238538294439422e+00
1.087145112222145382e+00
4.513891064029104427e+01
2.829030764546772048e+00
2.773681405740163086e+01
3.738528994777698244e+01
3.020829285244872153e+01
2.480847747526536295e+01
2.691316762196771606e+01
2.796189872445620495e+01
2.718150721170175643e+01
2.733044559154950548e+01
2.401110799597518053e+01
2.802605715529705321e+01
3.151098449013380787e+01
2.892408815003000200e+01
2.332841228678708845e+01
2.533147691732909834e+01
4.898927623282907007e+01
2.488096929047969752e+01
4.347243654228250875e+01
5.401593179383928600e+01
1.843391884483753529e+01
3.815867083906778134e+01
3.594700594169808028e+01
5.745170492760280467e+01
3.319601656230042863e+01
3.321024026441659771e+01
5.605080233002809109e+00
5.377218338706552458e+01
2.444250494237712701e+01
1.581758075136349362e+01
2.079528839072007429e+01
3.676951367573838070e+01
3.366994564566618919e+01
3.610140847518414375e+01
2.614080669792224398e+01
3.082217539350551760e+01
2.743118938167482668e+01
4.786060583659366330e+01
3.163768746022969935e+01
2.727270749802161021e+01
2.460957097774397795e+01
2.284772082244067093e+01
2.994437625784485135e+01
2.379403502702200512e+01
3.054275930804296024e+01
3.472597252760897391e+01
2.348266576875406031e+01
2.441098488557054225e+01
5.858862381314247614e+01
2.964777278949259198e+01
2.717679582646724867e+01
4.640920927860861411e+01
5.773419584846124053e+01
3.078043806901405333e+01
2.382018650948316463e+01
2.721050519073756391e+01
3.037052708959527081e+01
8.280945397536015662e+00
2.707367880380064307e+01
5.547045985670411028e+01
3.035961294045068826e+01
2.427632422853184835e+01
2.598875746621433791e+01
4.965642066763916773e+01
2.964148091275910701e+01
4.655034705923753791e+01
5.279370076536915235e+01
4.782441027980530635e+01
2.514671359720796318e+01
2.668603662845441704e+01
4.351745677100325338e+00
3.054339940037380075e+01
2.278141293998936590e+01
2.555467100974556161e+01
3.274626455945963244e+01
1.826268389942850945e+01
2.471348584344013943e+01
2.278129711262090495e+01
2.250422270027335969e+01
2.602439974298835068e+01
3.219014146467721815e+01
2.081353748365012279e+01
2.828000337316268542e+01
5.916662091232865350e+01
1.835560604128284012e+01
3.290379522204571572e+01
4.878326693419830917e+01
3.037430635847191240e+01
2.502464245011856292e+01
2.401061729445427773e+01
2.282510075740958655e+01
2.642085361656678089e+01
2.221641594177344814e+01
3.680338587732529732e+01
3.256752788406720356e+01
2.649536689526803457e+01
3.267745118858510978e+01
3.003052206381209999e+01
3.309568601960518208e+01
1.372061644821951631e+01
2.741688077834547954e+01
2.362729274743787045e+01
3.384251878425452276e+00
2.829847539160255110e+01
3.614137202785991576e+01
4.117881529449914524e+01
2.503068833177530905e+01
2.361632884719875847e+01
2.446150809140226556e+01
3.367109392268886126e+01
4.408308626365032978e+01
2.533817117084447545e+01
2.109551319440834050e+01
5.564633598391083069e+01
3.099433256144402549e+01
2.730217358523714211e+01
2.703171546256635338e+01
2.626658898652402740e+01
5.081799271005183982e+01
2.521674088906365796e+01
2.490228237182918747e+01
2.114902297058506520e+01
6.092593114461487858e+01
2.625108291525521054e+01
4.808986059396920609e+01
4.693474854189697254e+01
3.064599240993111096e+01
2.469261368085790309e+01
2.841247485607966183e+01
1.508657366671138789e+01
2.589633752570216529e+01
2.690506056741014618e+01
2.383211229995498570e+01
3.589041119784656075e+01
2.170091139041761608e+01
2.602831166537778529e+01
2.468818320433774716e+01
3.332103581309365836e+01
2.465033417190318232e+01
2.799005035672238506e+01
3.309689060242089909e+01
2.399310574749575764e+01
3.086621927793228792e+01
2.615637781086843461e+01
5.257515901657552604e+01
2.398766381128916692e+01
2.710211418796124150e+01
1.817250746494343616e+01
2.441327111428108765e+01
4.571224791659551556e+01
3.045843777132876085e+01
2.520548122956415682e+01
3.140657029401336331e+01
2.787709841500873154e+01
2.176348383631557226e+01
3.457739787331502157e+01
2.572659147824879255e+01
3.237974702054452791e+01
2.865464245255191145e+01
1.341673816842494649e+00
3.543647635886310354e+01
6.315692764787308988e+01
3.609307763217339016e+01
2.569726402864785086e+01
3.781958418189259419e+01
2.376789173552833745e+01
2.635768440074480168e+01
4.620187362866909098e+01
5.155451128853019327e+01
2.597667752721756074e+01
1.240006440490151363e+01
3.545596673475938587e+01
3.091034292652415161e+01
2.190286378875703122e+01
5.068311732708480122e+01
2.586144711760925929e+01
8.396576017816187232e+00
3.032825072211198858e+01
4.477115735977349686e+01
3.522995646738627329e+01
4.311644083871115640e+01
2.810224286946640859e+01
6.311981128704792354e+01
4.423415552733001732e+01
2.281931410122265191e+01
2.340763436358520266e+01
4.253794793052009737e+01
2.900332572561137567e+01
4.288016141179286933e+01
2.615320119276657351e+01
3.386652460008076559e+01
4.960802249996334012e+00
3.436623425053539904e+01
3.656269764973842484e+01
2.323632525609459876e+01
2.786512603200708327e+01
2.152988620917942342e+01
2.993686170821229098e+01
2.497120880186412251e+01
5.275795489834854379e+01
3.208748508755684270e+01
2.864833340031850639e+01
3.683149225547572314e+01
5.171943845464556944e+01
2.415717897213380638e+01
1.877774935690831626e+01
2.867486242322229373e+01
1.008055201946990564e+01
4.260159331843624386e+00
4.822640320293521654e+01
2.975609604847431910e+01
2.286490762512000430e+01
4.103557725268092327e+01
3.648981768029079831e+01
2.803526243426460951e+01
3.299872013471252785e+01
3.057840370667599927e+01
1.729003841798839858e+01
3.854283502339967526e+01
2.467020032742766489e+01
2.968330441130001418e+01
2.547213673887131336e+01
3.192942317532060770e+01
3.805285793293023744e+00
2.524865941363987076e+01
5.448172234184676199e+01
2.050496626347919005e+01
2.556005792495864171e+01
3.025815064296666890e+01
3.007879735780940678e+01
3.251440994600625345e+01
4.529544911802804563e+01
2.742266069025185971e+01
4.239104556779057020e+01
2.371407298614212777e+01
1.746806986815533946e+01
5.664526772032695590e+01
2.922708317987780902e+01
2.479196510538167786e+01
2.734166387336517801e+01
6.600240284005849389e+00
1.350714308171745870e+01
6.298655066928853685e+00
2.828907845419598743e+01
2.737095350091567525e+01
2.359382145825111365e+01
1.353987433038491872e+01
2.233185701673023971e+01
2.275678774210311062e+01
3.346215361840313562e+01
5.288743084357861335e+01
2.848209124075367527e+01
3.690345334829180501e+01
3.174127136647439329e+01
3.456492214836708854e+01
3.340313053116869924e+01
3.017883311740024510e+01
5.767747951521869254e+00
4.729013423476044409e+01
4.996712228663727728e+01
3.288849338267857547e+01
2.474851296047717142e+01
1.023721367670687110e+00
4.864316843165357795e+01
4.963248685572762042e+01
3.119399056645147539e+01
2.533226810715638067e+01
2.868389717935224326e+01
3.201231426667663982e+01
2.850877104851183219e+01
2.379982352517154709e+01
2.663253332255226269e+01
2.290104359755168772e+01
2.889004091184092005e+01
2.557123291233665441e+01
2.316698116259658491e+01
1.925428119668970339e+01
2.770724170726983004e+01
2.052678854339183090e+01
5.342859149946008301e+01
3.175209963955143166e+01
4.276647591313724206e+01
1.875551914602392145e+01
4.017691623022574277e+01
2.713721677072737748e+01
5.808356528673903085e+01
2.565339787816833450e+01
2.333110150609036282e+01
2.999707266167576947e+01
2.557303740165934869e+01
2.900219377871144388e+01
2.859192623774197273e+01
2.463671571134750593e+01
4.899639703399770951e+01
2.497417977726584581e+01
2.450891192658891526e+01
2.986230460421211319e+01
2.685385882725677220e+01
3.211640002580770670e+01
2.417056869828957133e+01
2.445941602384118596e+01
1.698516263840974716e+01
2.344976634444356023e+01
3.579749305758946321e+01
5.972123710385722006e+01
2.488731043547431909e+01
4.971793072570289951e+01
3.984073381240382616e+01
3.139680547968760038e+01
2.738416041727759875e+01
5.841482990802614950e+01
4.648473786339127400e+01
4.358540514035848901e+01
1.328875327024911401e+00
2.606051531075991079e+01
9.579030525933376339e+00
2.498962994486157640e+01
3.728567407526588795e+01
3.960821721993124811e+01
2.317529142331295589e+01
2.917080454211918550e+01
2.772918047795064922e+01
2.327411038107626595e+01
2.684173629937777150e+01
3.361972602376226860e+01
6.534376373629493173e+01
2.759842137698115039e+01
3.397055038324725729e+01
5.259996869257638963e+01
2.677920722793714958e+01
2.859878704152953333e+01
2.042450062126590637e+01
2.846836417166923638e+01
2.999495921679101684e+01
2.641691608472683583e+01
5.552781213028356433e+01
4.834472649472445482e+01
2.085117152723250911e+01
3.642450632077401451e+01
3.265016192671360784e+01
2.397685095621118023e+01
2.826677883206866682e+01
7.603608249605713354e+00
4.139925430711809895e+01
6.317795183687121607e+01
3.276598528081194672e+01
2.150104823882169569e+01
2.263914907136415877e+01
3.310812912030794308e+01
5.130487961518292650e+01
4.957950834990583644e+00
5.372357369151723105e+01
3.850376255484297872e+01
2.227048796697054200e+01
2.446985371770907136e+01
9.379836007933590736e+00
2.404806208164518466e+01
2.805302183271123795e+01
2.732225411575791441e+01
9.447518399304954073e+00
2.168904091379691934e+01
2.769788794671496390e+01
5.966875629402784398e+01
2.874529102591623086e+00
2.525237454001452164e+00
3.503875731473090127e+01
3.558025877105319523e+01
4.587652491836342961e+01
4.423557355392404133e+01
4.334708190325181931e+01
3.198130625715839415e+01
2.629954039296865176e+01
3.846791954163927585e+01
2.754845426997190927e+00
2.486279663554591934e+01
2.721544691947383399e+01
5.240554310450534103e+01
3.567728823017318973e+00
1.344947834394952224e+01
2.102483763531620653e+01
4.817225305288548043e+01
3.298640866409550654e+01
2.317923723872013397e+01
1.007101641638655565e+01
3.031121901721098766e+01
2.920206997548530126e+01
2.240643060677796328e+01
1.929748053579533007e+01
2.471819041157959873e+01
3.757515568704548059e+01
1.160627195628967989e+00
2.447616762705169435e+01
2.086138782574562356e+01
2.410830009866754153e+01
2.387331632344410792e+01
4.649212872943644470e+01
2.143306635418866790e+00
3.460338273182424018e+01
4.298610986337007489e+01
3.857438610494764220e+01
1.416186361426570173e+00
2.590162233049977658e+01
2.902213687168841716e+01
2.920290833478040327e+01
2.350459488757837789e+01
3.010876404562350217e+01
2.991066193548886076e+01
2.969727560275373435e+01
2.455658259136725974e+01
2.597013135954625795e+01
2.415602615279294696e+01
2.738341825084989978e+01
2.741082687790699879e+01
2.613643377322364358e+01
2.984957013679377269e+01
3.469834649711123120e+01
5.105950076621866174e+00
3.008124272883386396e+01
3.308574432515160879e+01
2.927664531153288863e+01
5.623856269801035523e+01
3.983291060231931624e+01
6.207314553783908195e+01
3.030898763194272760e+01
3.073670633427975929e+01
1.221994413849733974e+01
3.147754734780392027e+01
2.500370499038947969e+01
2.375845795418421602e+01
2.363697887069429271e+01
2.008188648907105289e+01
2.447277179384035151e+01
3.227106836936093259e+01
3.003016624550511438e+01
4.007052614912936406e+01
2.486606431534710282e+01
2.070930319356008908e+00
2.772828784692163140e+01
2.533126040048126981e+01
2.867057019318372113e+01
5.956525724375387654e+01
3.037603713171356290e+01
2.474725022792119944e+01
3.957783928117351024e+01
4.501634692345760413e+01
2.204943377202960164e+01
4.270816455118097110e+01
4.081742004056559381e+01
2.806766167416571989e+01
4.594824857967250864e+01
2.861352859409271332e+01
2.129700281140139850e+01
1.207837084808852524e+01
3.056639268262551923e+01
5.281366682271334412e+01
1.067606460193811335e+00
3.907483028542628745e+01
3.060909581214514219e+01
4.503117749156081118e+01
2.943350758745418716e+01
2.715403960752109924e+01
4.252728401210333686e+01
3.675310633480694378e+01
2.799556130659038899e+01
2.796925103348075936e+01
1.059299479772416674e+00
2.675707561750971308e+01
2.786601399072673146e+01
2.981722271631588228e+01
2.207984415730365413e+00
2.010156752130205859e+01
2.679698198978144319e+01
1.487940513622561411e+01
2.828579185733499912e+01
3.095886848889858811e+01
2.828527847955562535e+01
2.756990864706585853e+01
1.431402296686155751e+01
3.146032870078235533e+01
2.411533743721824408e+01
3.150377442410808726e+01
2.473552528133453166e+01
1.740233151336724404e+01
5.687554095542145660e+01
3.280676094184718750e+01
3.139679520741310625e+01
5.296703471771579075e+00
1.963324961642501876e+01
2.593917098507154151e+01
3.228956323412489837e+01
2.454740356593583783e+01
2.783532206182013624e+01
3.265458811806797712e+01
2.432293415219828603e+01
3.801708883897845226e+01
2.801814812707078772e+01
2.784248841140833974e+01
2.477904781758843455e+01
2.925330429006771737e+01
3.073424709904406882e+01
3.032020890791828549e+01
2.376290463597501912e+01
2.589125221932067689e+01
4.956428378970304038e+01
3.350403822961015976e+01
6.979725867469824152e+00
1.037350382256073678e+00
5.321900310676892332e+01
1.376601340715893684e+00
3.745883810295936200e+01
3.269701377728506486e+01
1.466291218674292551e+01
3.271573259312992832e+01
5.152509945786732715e+01
4.829403595783878700e+01
4.884533491346519440e+01
2.291363494219967833e+01
4.275081559146201471e+01
2.223939356339815276e+01
5.051504890009528026e+01
2.728600336469543208e+01
2.497313101603245400e+01
5.123661967665626094e+01
3.955438107356894761e+01
4.122822738916147500e+01
3.859712155445959070e+01
9.043782918270153459e+00
2.978433243502368555e+01
3.565784694404101174e+01
2.790007081096973707e+01
3.630222675846880520e+01
1.152902554776665056e+01
2.901123459014938533e+01
2.483602042949132738e+01
3.592721257465871076e+01
2.394474348510721029e+01
1.192857971912276049e+00
1.381230984665364758e+00
5.957484326705161948e+01
5.684018678679422010e+00
3.188657719385145128e+01
2.871083391820684483e+01
2.933460652093526733e+01
2.497148712702960438e+01
4.156051938106975285e+01
2.274809751717870654e+01
3.457401519018269198e+01
3.283624945810879581e+01
3.273750113649668947e+01
3.308242807893657300e+01
4.083825900749343418e+01
3.180057293441450383e+01
3.714088897487090435e+01
3.292660233751234955e+01
5.510375183293945156e+01
2.548788718272048470e+01
1.193973303858547297e+01
3.869260317733278498e+01
3.276619303176266840e+01
4.370955029358447064e+01
4.098906265413454264e+01
3.086004083328774072e+01
1.152697086586704245e+01
3.503652581547149225e+01
5.511429459179635160e+01
2.479948994709866383e+01
3.377399604185666249e+01
4.395507090369937941e+01
4.059862611663993448e+01
2.491690299958736432e+01
2.379960004117310746e+01
1.137912271802888897e+00
4.593918798434970086e+01
4.117331293520692270e+01
3.366789279436488869e+01
1.220203210152590145e+00
2.631828377183559553e+01
3.011289658915484324e+01
5.417931940228754684e+01
2.785276636257427185e+01
1.299216708434960310e+01
1.941613143350150494e+01
2.327794375763359724e+01
3.116907571537788613e+01
2.579573145168743764e+01
2.177253475031421814e+01
3.388297374328772094e+01
2.301961182258492045e+01
3.061983924717230821e+01
3.003574119637835338e+01
3.763744391485352025e+01
3.876075708667849540e+01
2.868590239221521188e+01
5.020432488560254569e+01
2.517287501473037992e+01
3.424350436780210316e+01
2.105592046192010969e+01
2.702324852279905087e+01
2.668689666357763812e+01
5.559033869335326017e+01
1.360522830499098745e+01
2.369731533856247552e+01
4.303611241459018188e+00
3.965049874188116519e+01
3.997385397735342849e+01
1.443995964600958359e+00
3.874615027324600902e+01
2.860734194661949914e+01
4.164149621223259601e+01
1.305790970088559266e+00
2.331001808748624171e+01
9.009602267818991095e+00
2.244427739713319170e+01
1.248400504761393748e+00
4.862583989609265700e+01
5.994548722484614700e+01
2.546752585799537627e+01
2.452465442999301359e+00
2.262287505297348034e+01
4.429022241614893574e+01
2.922018164011024055e+01
1.180129174866266339e+00
1.888105499104131013e+01
2.192083571021441912e+01
3.715233238445034658e+01
4.378110335877039461e+00
2.483554546250297790e+01
2.069624470844155439e+01
5.362999481749830011e+01
2.610494421101338958e+01
2.908142350320395053e+01
1.819091193190070044e+01
2.433451672370961205e+01
1.594503527462984493e+01
4.207896375409406531e+00
1.639007805300298060e+01
5.633669234419514282e+00
2.450119399232200124e+01
2.836156140023200578e+01
2.099622359117697457e+01
2.582483814379830989e+01
2.902588993550853047e+01
6.197759098901588004e+01
3.104930538619555591e+01
5.698695146396494238e+01
3.675484425931063015e+01
2.532277884937604995e+01
2.511207767567026394e+01
1.714323855066686519e+01
2.786731962276871855e+01
5.773326267547963653e+01
3.263167962615170836e+01
2.873991794903236041e+01
2.271915669396730664e+01
3.670791838083914627e+01
2.286458344469382897e+00
4.588710933623968913e+01
4.638785316061694175e+01
2.242985815747579181e+01
2.269622552357263601e+01
2.602577920018484292e+01
5.078613336158377933e+01
2.542232762568594495e+01
5.227500659202269162e+01
3.459941319108384050e+01
3.862427985545946285e+01
3.278719658095258183e+01
2.388793901020551402e+01
2.775182086462973530e+01
3.509466272516328900e+01
3.002628873544972521e+01
2.205908381381584249e+01
3.508435403898829463e+01
3.286613688702345826e+01
4.261204549540525477e+01
5.637142476315784734e+01
2.656068046556879381e+01
2.504956381848751334e+01
1.862289063087143859e+01
3.678631757733728591e+01
1.878944565727579175e+00
3.041429558672960098e+01
3.153626942694063473e+01
3.206238374578640560e+01
2.108971337169696625e+01
2.562565455788841007e+01
5.780291231392038753e+01
2.688380337772105122e+01
1.783150746082324600e+00
3.086309918314555034e+01
4.692531518966691095e+01
2.448964403451645921e+01
2.297920577479914073e+00
2.429373430945464918e+01
2.769739122347431248e+01
9.114801989884654176e+00
4.224273792609210432e+00
2.872030893138617103e+01
2.314551117911275924e+01
4.260473113431203274e+00
1.879756503888775798e+00
2.168997478666415191e+01
1.723814409433180117e+01
2.985039625183276257e+01
4.171037107091251528e+01
2.358256646202210050e+01
1.538990827472662204e+01
1.111379154374105838e+00
2.460776047021317936e+01
6.007556106869722612e+01
2.654825055887920371e+01
6.136162923903430055e+01
3.727827783373877768e+00
2.166512963270625391e+01
3.972295513769176978e+01
2.488931132939160307e+01
2.848272219355567358e+01
2.928138487337855622e+01
2.586709756121899773e+01
2.328006574431233844e+01
4.970577841295744292e+01
2.855633031188559556e+01
6.513707993523598816e+01
2.862903153062870842e+01
3.541928726422337093e+01
2.139213110819176222e+01
2.720435426778726651e+01
1.063942280609293078e+00
2.511440238514751400e+01
1.857349205437060391e+00
2.729763989944149216e+01
2.740298302816154319e+01
2.538298302024267628e+01
1.012369546597438275e+00
6.774000116613933642e+00
2.653136211267064937e+01
4.012921137752709910e+01
2.375735132202362365e+01
2.917284957858646521e+01
5.987528019326600770e+01
2.472025496990499960e+01
5.784460177251958157e+00
3.818141203719280696e+01
2.473885878071655497e+01
4.277251590174273588e+01
7.665238880343395067e+00
3.134014288985008534e+01
2.725600815498364682e+01
1.394828288683946482e+00
3.800237330856907647e+01
2.537241822943879299e+01
2.657923844976431837e+01
1.353626350475960916e+00
2.567781788782554031e+01
5.376658744674932677e+01
1.166578823736603487e+00
2.107660927748479196e+01
2.206495423608339479e+01
2.635754078142053913e+01
2.637890338877432583e+01
2.396495296158900601e+01
2.560220673218009324e+01
2.510353173520434211e+01
2.340292331117689173e+01
2.301007762198923956e+01
2.701818066476174351e+01
4.469755433955288026e+01
6.575131084205713705e+01
2.143432456288194743e+01
6.274152987345587462e+00
7.359836517522182930e+00
2.337877455111342329e+01
2.564664560111028635e+01
5.611854731687344611e+01
2.814126505139574874e+01
4.279262824432953494e+01
2.516830617262337455e+01
2.582553888721577096e+01
5.429150655410376203e+01
1.018655553879810327e+00
3.300468599282248761e+01
2.129552170510226006e+01
2.348193933190918870e+01
6.694376876930604681e+01
3.144743525578178378e+01
2.068481771300253058e+01
2.439701395384440730e+01
4.232071994697707851e+01
3.047966269516109605e+01
2.716467553288188697e+01
3.213394153800618369e+01
1.502159660619872739e+01
3.299213281994616409e+01
2.394891064914133949e+01
4.992310787604037614e+01
2.914805417264233256e+01
3.592110933666944561e+00
3.489790703386325532e+01
3.714924286583800495e+01
6.758737205896977684e+00
3.920726882858616591e+01
3.469131102617666329e+01
3.022278134560332319e+01
4.628096994136834041e+01
2.195811580554855702e+00
2.960502642591018230e+01
2.193096226037361163e+01
2.912434849796409253e+01
2.390684165405741624e+01
6.451627948530949652e+01
3.018353249458778009e+01
2.675575408007318856e+00
2.057700785647817554e+01
2.271338544576457252e+01
4.084148025696458717e+01
2.817579455840973424e+01
3.174972490453001228e+01
3.581425237366872238e+01
2.561361632592229398e+01
3.050144343613646924e+01
3.285271002685476560e+00
1.112101041837147974e+00
5.042222324418253265e+01
2.964553868237135248e+01
1.953409491537115628e+01
2.258670994754709227e+01
1.666583689863406992e+00
3.815329063875579152e+01
9.389399769358306003e+00
3.709075928496122287e+01
3.371993138378604726e+01
2.251150339706646264e+01
2.621301608845247699e+01
5.170125478379941342e+01
3.304499722007494711e+01
2.786263301674657100e+01
1.885046077039078227e+01
4.326453746569313807e+00
2.878269425714861995e+01
2.265085537203412969e+01
1.102562666508533074e+00
2.936065018245403735e+01
2.867234744629968191e+00
2.845630864908298463e+01
3.003720745789132707e+01
1.603350974860950373e+01
2.639596993817076509e+01
3.937506323430352495e+01
3.052150515408629872e+01
2.419018641162503513e+01
2.937158804749924457e+01
3.473524456995056653e+01
2.782876415295680772e+01
2.283486766138958046e+01
4.481780409673319809e+01
2.755686727990087093e+01
2.607694542595305620e+01
2.466308745490277943e+01
4.514504361335639260e+00
2.643887541348044579e+01
5.099814704085474659e+01
2.824507460592303687e+01
4.065919780280819396e+01
1.025931410854590808e+01
2.224528270614244008e+01
2.266860781569135952e+01
2.871162443694188227e+01
1.087785522499158830e+00
2.482279308475057178e+01
1.775582280725939199e+01
2.392642260306425328e+01
2.661155392546413623e+01
2.891480328667812927e+01
3.449001481143204728e+01
3.419158600212540478e+01
2.480318564150573479e+01
2.346135757332740468e+01
2.698897749162605919e+01
3.035436949152972375e+01
2.407129577544322530e+01
2.540380567008881485e+01
4.263422722348877869e+01
1.715283267587301452e+01
2.881432811140547301e+01
2.990691742689523380e+01
3.081710181499511236e+01
4.291846358385212667e+00
3.259031462994309436e+01
4.183505098938940137e+01
3.335311318068886521e+01
5.234437145911215339e+01
2.408456662628941558e+01
2.215475643988352417e+01
1.647187774076508049e+01
3.227991169599204113e+01
2.442233648281665381e+01
3.000607198750003590e+00
1.227407735480392148e+01
2.111129558894289460e+01
3.152154324359244697e+00
2.947844696066113102e+01
2.658782214872599070e+01
3.869591292294398954e+01
2.127586770152447571e+01
5.480089127114953840e+01
3.008164592305092810e+01
2.825419840581525932e+01
2.708701544957028773e+01
2.672260775855102111e+01
7.135902081285166787e+00
2.618109588599537574e+01
2.504965808365141910e+01
2.447700394022535875e+01
1.782184736950802062e+01
5.864436136820586398e+01
1.514035586945226441e+01
3.543843537021814427e+01
2.760970227720895309e+01
1.088482411503554736e+00
2.323761799901103586e+01
2.269149938511975506e+01
1.883217460212819105e+00
4.639763380640727064e+01
4.162662568668201857e+01
5.982413735070076655e+01
7.589949688799606520e+00
2.526929454839773825e+01
2.796108131249404494e+01
6.085013030544359935e+00
5.833897823491133749e+01
3.084454063590669648e+01
2.799756905592457557e+01
2.572704110311315162e+01
4.290512396363010339e+01
3.182108640239675879e+01
4.966167537699254808e+01
3.043897369568605882e+01
2.538102437200586792e+01
2.864303823468162591e+01
3.129189225087463910e+01
4.296211418292602957e+01
3.098617313564253450e+01
2.613497212363108702e+01
3.322891418868675828e+01
3.309171017527418002e+01
3.897404461455380442e+00
1.741802722941110915e+01
2.120863438201570972e+01
2.994828434922965243e+01
3.121466459187649889e+01
6.034605729735631030e+01
2.347448660214104166e+01
6.127854092558118282e+01
2.137797469766599079e+01
5.555509421972965356e+01
2.532579311560346014e+01
2.324656082424122872e+01
2.009317296452718438e+01
6.124926226615207270e+01
2.685066626319184024e+01
1.379410802086204058e+01
2.392212517522034432e+01
4.167501658356468397e+01
2.231069496107430439e+01
2.609050615881778867e+01
3.451358227928994893e+01
2.041368023314566926e+01
1.577266555321517272e+00
1.122454951834938930e+00
4.031430460648061853e+01
2.387946133137923255e+01
6.650094431362595060e+01
2.319643992258988874e+01
2.705856301989274471e+01
2.290603884995107364e+01
2.411256715948405827e+01
2.740363355405679613e+01
3.120356352494127350e+01
3.263632357699498243e+01
5.611157422037422293e+00
5.754207348906493280e+01
2.737433715290990222e+01
5.132224860795213317e+01
3.645068224232511511e+01
1.192769778325668772e+00
2.762404149592475733e+01
2.829658873592182289e+01
3.083937462243830652e+01
5.695835504226852208e+01
2.707504937659268762e+01
3.191714525872714603e+01
2.557741992313637169e+01
2.887713153340405370e+01
4.799252838443028857e+00
4.297114332623493738e+01
2.541664656872688965e+01
3.069861800488979497e+01
2.346516620595798486e+01
5.901945136926224222e+01
2.820830130895888033e+01
2.608317655490114362e+01
4.059475328104599612e+01
4.160391052480554208e+01
5.406145746112451889e+01
3.143964953778032623e+01
2.494432684109824550e+01
2.960868189542816253e+01
3.729838504115468822e+01
2.936206093344844703e+01
5.927329853254195768e+01
2.787849068566492861e+01
5.736861291722038914e+01
2.407414129317760398e+01
3.076412432703935451e+01
2.577191783579291950e+01
2.850787064394263481e+01
2.823642726393882185e+01
2.401785858689835607e+01
6.588908237053692574e+01
6.081617913787340512e+01
2.688948192347595523e+01
2.651512504259250846e+01
5.355962591123352468e+01
3.758887802333265427e+01
3.290022283166149464e+01
2.211973476170061303e+01
2.608475345771807952e+01
3.121833199282188787e+01
4.812852280877996236e+01
2.439367778797896680e+00
2.690948130660763127e+01
7.657248435404994780e+00
4.018044091392994233e+01
2.601991097516383888e+01
2.713168158207417946e+01
2.840462630412548606e+01
1.156359252592833453e+00
2.332960832745686730e+01
5.662458581821624648e+00
1.071736851708544602e+00
2.432514685689466205e+01
1.484692771815718793e+00
2.321913866373415658e+01
3.459753507210661638e+01
2.086798449503135089e+00
3.834507749747535854e+01
2.567409928588131152e+01
1.141480625125404913e+01
4.323018204144682386e+01
2.703142501650745544e+01
4.270329061928528347e+00
2.638640260313026431e+01
3.015864353483175364e+01
3.632881188600276801e+01
2.390367173614879448e+01
2.993585169102652799e+01
2.961082011365193267e+01
3.961962669009021454e+01
4.866619786528451641e+01
3.936015210491234484e+00
2.851580677466790803e+01
2.893195215959349298e+01
2.816380560223296925e+01
2.587569918365397825e+01
3.207636688967977534e+01
1.129185391000561367e+00
3.134655366531919185e+01
5.226887338356755208e+01
1.792116436608552021e+00
3.928964205564261647e+01
1.198752957915894513e+01
2.812156250847588979e+01
2.648469731806396865e+01
3.502405832744216241e+01
3.686299594296360738e+01
2.476596783567038074e+01
2.424486264665392810e+01
2.889603837515460327e+01
3.708703310164020195e+01
3.085443780989226070e+01
6.493286310258554295e+00
2.776862815641794668e+01
2.623141434115564152e+01
2.618572802502512786e+01
2.477674954112876549e+01
2.974721974639510336e+01
1.109189185321173721e+00
2.932267310602827592e+01
2.047015106934960471e+01
2.725588224320836161e+01
6.090411397768184543e+01
3.828496031493159535e+00
1.842699954604904633e+01
1.033912490413495977e+00
2.958970389323320660e+01
2.804326774130822741e+01
2.398220216373147196e+01
3.121431565575221612e+01
2.559641750533955928e+01
2.227379644167228889e+00
1.368976746387723153e+00
1.897893291616583156e+00
5.578327458631247282e+01
2.529540927781454229e+01
2.345593740211097611e+01
5.936836309319187421e+01
3.137923898951248702e+01
2.299766845178736219e+01
2.984594645902143384e+01
2.925422197116495227e+01
2.526167185905796941e+01
2.433674390951637179e+01
2.997448285878757002e+00
3.905316124091405072e+01
3.024347038977610680e+01
1.040686937618166219e+00
2.340732467442219900e+01
2.689453274134211824e+01
1.547504705036686801e+00
3.602403324723036349e+01
3.481697526810239651e+01
2.400385711020613044e+01
2.364357926511350172e+01
2.293954387653911908e+01
2.740400161364277665e+01
2.246192539851386982e+01
4.474968705055840701e+01
1.126192828558941983e+01
3.594047411418499038e+00
1.283829197139461975e+00
9.299541982123628259e+00
2.394344205632927469e+01
2.525410523476602975e+01
2.680670839121739846e+01
3.768931031606916804e+01
2.657230809893098922e+01
2.481586601950584736e+01
2.451975104097255098e+01
2.931822632404873730e+01
4.036220002542540897e+01
3.298010254283894938e+01
3.625006055631303070e+00
4.926466430345345771e+01
2.562614832120289066e+01
3.253164913499335853e+01
2.803828501031932774e+01
3.297681821378421319e+01
8.682569420998333953e+00
3.311265041069805193e+01
2.326843038110177986e+01
2.606961446785049930e+01
3.287708610403205967e+01
2.448161938322391507e+01
2.297136041196154110e+01
3.010447499775182223e+01
2.550173910230637375e+01
3.411632140941577518e+01
2.773396678438484741e+01
6.282194921484915540e+00
5.750663189933402464e+01
1.017641947299043670e+00
2.414456974835019309e+01
1.251456877143209567e+01
8.098513171984450310e+00
2.308693923685495974e+01
1.989126443769782782e+01
1.130505664373817609e+00
2.139384341050151761e+01
2.887135945318732411e+01
5.144878843921540934e+00
2.529037133810402338e+01
1.166048733399748016e+01
2.267777049936807998e+01
3.853188342398789246e+01
2.145599100143214599e+01
2.578700392447250778e+01
4.659464229468721896e+01
