2.540615224813993223e+01
6.264810713320125046e+01
5.018372943376895279e+01
2.124937605731116719e+01
3.150999536870692452e+01
3.470905545725052832e+01
4.733114948991155302e+01
4.107503274564756168e+01
2.187585475982309902e+01
5.752009814206081018e+01
3.985883707679427346e+01
3.464143855519946413e+01
2.978403228700377170e+01
2.710040755768386234e+01
3.889390095865208963e+01
6.256860664294350016e+01
2.008352323930502337e+01
3.695457985915522414e+01
2.811181344308590013e+01
3.378068405290323994e+01
3.349634860583271490e+01
3.035882340008690150e+01
3.430190004047798880e+01
6.003099894869087905e+00
3.354155648347342122e+01
2.391807737919014087e+01
6.058797308611146093e+01
2.711978967614887637e+01
1.880266819914274379e+01
3.688725857708192279e+01
4.119888313267311730e+01
5.713952866768133276e+01
4.224261397702075982e+01
8.596409962649392611e+00
2.640759165443413181e+01
7.649952714731132808e+00
2.432865619207579400e+01
1.774061333494096715e+01
2.397204576668658049e+01
2.268443110304678356e+01
2.988404730320720049e+01
3.147067021554414978e+01
3.895926077460377002e+01
3.086237773420481645e+01
2.558015281194224499e+01
5.153978725206889067e+01
3.882983392260744182e+01
2.313538257602996140e+01
1.970412961779985039e+01
3.502947379684795237e+01
3.751345585633941937e+01
2.796780966876372432e+01
2.790262562103623623e+01
4.260071387797927400e+01
6.107747701543912200e+01
3.885028878050074752e+01
3.041042791760821373e+01
4.790163999059453204e+01
2.409068535251429566e+01
3.812373841824362586e+01
4.656163551731454930e+01
2.371640264277831633e+01
4.425469534860891230e+01
3.609797633941141015e+01
5.499475409874524701e+01
3.732036553377090371e+01
3.051216750011596446e+01
3.002354925405273534e+01
4.103365901733185694e+01
5.425831361713954237e+01
2.775653548400826409e+01
2.796555096815397690e+01
2.194466436568975354e+01
2.444948166748917373e+01
3.056616429394881607e+01
5.459012623305507184e+00
2.342936570833821008e+01
3.872905825470996888e+01
3.083272300591220372e+01
5.755763331674517502e+01
3.126113143989782373e+01
2.160923609232419196e+01
3.208079955305832698e+01
2.309131417892419336e+01
4.266958001917063825e+01
4.001757897893031668e+01
3.598416535907278302e+01
6.936885821322694312e+01
2.795612554286030971e+01
3.116114143869956266e+01
6.983720432734716610e+01
2.142660378962400003e+01
4.470464707415847272e+01
3.551033233267427391e+01
2.415509532739909915e+01
2.787618068780418312e+01
6.081348194826629339e+01
6.521867424240751632e+01
2.628558363322586544e+01
1.226319136963951983e+01
3.045511310878611155e+01
5.390723825913561029e+01
4.267929876748582529e+01
2.939697090090248466e+01
3.126304183899208056e+01
4.290239043181239253e+01
3.480579397102252415e+01
2.846358659942026037e+01
3.192708921504344133e+01
1.579407687766632584e+01
2.586620381066542151e+01
3.228775747395072671e+01
6.548365249977861957e+00
3.015213848151234544e+01
2.649371297772492539e+01
2.427902121823428061e+01
3.702459027140786674e+01
3.059099336017388993e+01
1.133796992132509018e+01
6.153932381128986151e+01
5.298914918565554188e+01
4.229105934368831754e+01
2.187209005933888406e+01
4.381500699667552823e+01
2.413803320699084054e+01
3.750956315329342772e+01
4.158087660178490808e+01
3.457050208205573938e+01
3.493660519815973942e+01
2.782094423647092540e+01
4.602652877540820953e+01
2.666657711131974651e+01
5.229994349916054119e+01
6.972594174515845111e+01
3.403461592229876231e+01
2.280949943907463862e+01
3.512546893357247058e+01
5.002138827617939398e+01
3.123448300999709204e+01
3.538512606412025718e+01
4.169977813103461983e+01
4.692351025773202622e+00
2.887946895887275289e+01
2.865191394968123717e+01
2.819551615328029825e+01
9.572648935660941660e+00
4.198877105314662117e+01
3.964657398420570189e+01
3.795121189200247613e+01
5.302891813772288998e+01
3.103977568967729894e+01
3.905752686209742564e+01
3.069748432504762903e+01
2.761914822580390450e+01
3.792161513082615443e+01
3.403854998497354245e+01
6.829938476081625254e+01
2.836318224666228716e+01
4.490286697035678998e+01
6.366945474980688857e+01
2.005389080955532322e+01
3.574206814517230413e+01
5.434973704070031175e+01
6.741816469168843184e+01
2.839423550389879125e+01
5.523038989675155364e+01
6.601558709856053042e+01
4.134489485471328152e+01
3.115492677885578132e+01
5.830442087715027100e+01
2.820368877797075768e+01
2.316061237111512128e+01
2.228886326840695276e+01
3.953730092044278166e+01
4.863401546884657023e+01
2.179896388760523962e+01
5.680557804504344688e+01
2.204113604205159405e+01
1.960445210286526674e+01
4.341067103191167398e+00
3.041988349154575744e+01
5.952507588443496900e+01
4.254041699598489856e+01
3.118803879209427876e+01
2.706129682703814510e+01
4.200673099735772809e+01
4.275624790472467396e+01
1.941290630481741664e+00
2.606213737112559414e+01
4.218477690316046136e+01
2.726990882447165632e+01
2.582962639955457362e+01
3.929801984534910275e+01
7.165012366578555714e+01
4.509936070973579803e+01
7.054942319053913025e+01
4.483446377059436827e+01
5.377072057328736321e+01
2.834629562431083727e+01
2.908220511559509802e+01
4.190950316356353511e+01
2.974280624888163516e+01
2.660202741198130738e+01
2.802630365610858831e+01
2.643154227847221094e+01
2.045642878235041096e+01
2.663206525603615304e+01
1.937684960486041774e+01
2.320293644964955959e+01
2.777125693710615195e+01
4.453977054043885886e+01
4.836243413842257866e+01
3.568604427158473413e+01
2.515094528710175936e+01
4.308600879947622531e+01
3.670162968304298801e+01
3.949344562232230516e+01
5.067318244800762983e+01
2.901080281433702979e+01
2.297724171041702945e+01
1.404454101312466818e+01
4.869530736962925488e+01
3.487441554251884668e+01
3.800521104448028353e+01
3.168782658653829998e+01
3.860727909513004619e+01
3.363636618193780947e+01
2.470414958573966402e+01
5.452627863479229120e+01
4.165803055195586069e+01
3.042275954006158756e+01
2.662472805540926046e+01
3.448719941328379690e+01
2.518710289145156977e+01
2.164744335722202351e+01
3.610075692403874115e+01
4.423003382600768418e+01
2.901727123457041557e+01
2.679515099997258076e+01
3.979426532650853687e+01
2.990445838255323707e+01
1.898033640720372617e+01
4.100077246854095847e+01
2.480390240836780791e+01
2.298150196018096025e+01
3.607675497118462715e+01
3.394019975427247005e+01
3.964967925647068370e+01
3.555328016296709137e+01
2.488170679207372515e+01
3.469866533610927206e+01
1.994507613222673470e+01
2.323493745192655524e+01
5.385043019801842945e+01
3.872265059757232564e+01
2.575755362789545799e+01
3.379259825022838015e+01
1.788725436354571130e+01
3.242514220032118288e+01
3.693971906296145136e+01
2.381922342270287984e+01
3.700588282739035151e+01
3.374622368901653857e+01
2.543020472089132156e+01
2.382311317073791557e+01
3.817789274455203952e+01
2.355231655239887090e+01
5.609128859918033783e+01
5.729155686080029142e+01
5.754006122834648806e+01
2.469451182969583058e+01
2.585619762765198004e+01
4.094194207448681055e+01
2.231764432432013479e+01
3.740995759459421066e+01
8.348916792446498647e+00
2.812325985884712765e+01
3.535553074110232075e+01
5.383610829174792656e+01
2.590505281845215890e+01
3.806945073098452070e+01
5.130645321691634564e+01
3.597556476681577209e+01
1.188662413305493715e+00
4.011515893428148161e+01
2.599830251183196239e+01
2.567838296746494109e+01
2.929949423288510957e+01
6.020373205793067228e+01
3.866746531667662623e+01
3.016984979303711256e+01
3.680111738174724678e+01
4.773338411460909469e+01
2.742097113034073530e+01
3.004099766947885186e+01
4.898322098274095282e+01
3.651510207181351575e+01
4.051249706939415773e+01
2.703499591653848810e+01
1.883579321041983334e+01
2.143212191785794118e+01
4.054573893211490798e+01
4.765663096763363882e+01
3.518176716426967943e+01
2.393246902643801377e+01
4.560396971031235580e+01
2.912035262208898345e+01
2.744497093942580790e+01
3.539371148955585511e+01
2.647610505929793945e+01
2.296031159669746557e+01
2.716721101479447142e+01
4.618516959529696919e+01
5.242193100075202494e+01
2.627114075768253798e+01
3.053013076520981883e+01
2.512941619662418802e+01
2.847972503265802402e+01
5.350196576462617770e+01
6.796316530298038572e+01
2.915711833948600074e+01
2.633675481433807519e+01
5.748630948528493434e+00
3.705478554258496615e+01
4.813363627489082575e+01
2.719264648796490036e+01
7.251938453071437607e+01
5.228223202064697972e+01
3.268080629013768146e+01
3.304748778616429661e+01
3.088473594549471812e+01
5.980770723558366342e+01
4.091038131195816163e+01
3.864785866860997032e+01
5.780227925177280213e+01
4.595371211151088886e+01
5.560560952665723278e+01
2.915237963078314465e+01
4.279352390782926108e+01
5.965063541172767003e+01
2.714269393500044103e+01
2.649481495332221570e+01
4.987805468727815139e+01
3.043637649792640687e+01
2.621675276889800443e+01
2.998954540696552229e+01
2.102668465928894292e+01
5.504216870698877528e+01
2.939903880041434547e+01
3.252455312377978203e+01
4.390426859944015803e+01
2.529440073150806612e+01
3.470372733354732020e+01
4.287228933414552756e+01
2.738792412086614192e+01
2.369978324513829548e+01
2.640903616569056922e+01
2.629738525944336214e+00
3.438728819995856867e+01
4.811328067705046152e+01
2.644126324062295907e+01
3.196255230114471502e+01
2.569619419860115173e+01
4.014617013359708864e+01
4.281876219333518918e+01
2.465215216998772618e+01
5.381833651798282858e+01
2.732979481258441723e+01
2.766577747266970988e+01
5.565037017980692724e+01
1.950629473756006149e+01
3.694731536960534868e+01
1.849915625233716554e+01
2.529445460072559726e+01
3.844808735847018877e+00
3.444817722113190683e+01
4.526562647812474438e+01
3.477859177378692124e+01
2.378654568687123572e+01
5.000671457584017787e+01
2.424456419337422375e+01
3.107567111238935809e+01
1.958420943043539708e+01
2.230565677437161654e+01
4.371350556922710240e+01
6.429833753902876481e+01
5.419982717946237472e+01
4.312979143476484012e+01
4.418403663697728945e+01
2.413803881066136725e+01
3.135469295844620774e+01
2.620701544340782974e+01
2.086573780917009202e+01
2.569629189021037163e+01
5.088938813964784913e+01
5.845861129293795244e+01
4.885962567527951705e+01
2.113844026790780362e+01
2.415370560340612371e+01
2.631900693667283164e+01
4.267404962187196560e+01
3.963851973448625898e+01
4.228863549583337544e+01
4.002291748537760441e+01
3.204428001196493625e+01
2.276279217515635978e+01
2.748537652771138795e+01
6.127162716351803340e+01
2.900311733253106183e+01
3.099608194737512079e+01
4.160809006886505301e+01
4.639869316683858358e+01
3.724887208566622121e+01
4.832792487985043550e+01
2.052246934094155506e+01
3.009307417795731610e+01
2.956930181403638969e+01
3.340472800195212244e+01
2.728230333018987608e+01
2.904565522826852586e+01
2.589909489317685143e+01
2.038749524788386935e+01
2.108764518041284575e+01
4.630246337133384316e+01
4.562370884443713948e+01
2.547838140877846058e+01
2.995554479528342284e+01
2.129148688021393099e+01
2.055642531997524358e+01
3.162943380205863875e+01
2.562511439062313912e+01
5.476011400716613764e+01
3.706722573315563807e+01
1.907424880494519570e+01
5.646665836363128932e+01
6.309285717339454536e+00
3.924006654678465367e+01
6.203814247575586194e+01
2.337152823819279845e+01
2.465575479277590532e+01
3.599327390271516691e+01
2.736115075644701022e+01
1.369743262686551510e+01
2.701595362496880526e+01
3.486721020798223947e+01
2.690678157527016268e+01
4.425008698907456051e+01
1.498403699356758700e+01
2.908935260960261360e+01
3.151032327767254060e+01
3.412388380406167698e+01
4.652255863453279972e+01
1.932747200633637519e+01
6.483725524809274532e+01
2.456731731451251122e+01
3.865457500447748629e+01
2.072202039456776035e+01
3.134780531503362511e+01
2.216045451145161138e+01
3.151740397243656133e+01
2.337764227660469984e+01
2.530406770055252963e+01
4.335499109817938290e+01
6.910942878234074271e+01
3.894709805586967377e+01
4.384240406603763063e+01
2.536065082093791645e+01
3.236920906427756961e+01
4.928951724428006997e+01
5.537917895614406660e+01
7.122099497157879000e+01
3.719690436346253648e+01
4.889117285999109441e+01
2.000546312609088062e+01
4.505607800387635820e+01
5.239086691523412753e+01
2.041710675014744680e+01
2.946146851806756573e+01
1.451459614479876770e+01
3.241874025051652808e+01
4.087107596716981561e+01
4.364514541234557043e+01
4.501069277211660591e+01
1.862374487833580261e+01
7.020770416953210713e+01
5.123955156078987727e+01
2.990209310167926660e+01
2.401765177797238238e+01
1.580656696682987317e+01
4.102335188136040500e+01
3.098801922926465835e+01
2.361626721099402459e+01
3.752222740692128866e+01
3.886968324964145438e+01
3.428906312913010623e+01
3.215370838723455194e+01
3.566820074486032865e+01
3.202398122680537540e+01
2.509357260743535534e+01
3.832157912763159402e+01
