2.804639967999290207e+01
6.090374518834013884e+01
5.519594940093557511e+01
2.335683530310029710e+01
3.520122176111317458e+01
3.436335500899454587e+01
3.663257243373112715e+01
4.411504396935785621e+01
1.849147777311026175e+01
5.760077180337535196e+01
4.370245776156193074e+01
3.479101495463507376e+01
2.968655223222114614e+01
2.208497685829647139e+01
3.772084746791753673e+01
6.249093541988966649e+01
1.581888093693984843e+01
3.407874528346584952e+01
2.573807985331666259e+01
3.359839533091965791e+01
3.634946213100258205e+01
2.632361281791051510e+01
2.789489889345102114e+01
5.622899501852343995e+00
3.821000338482235748e+01
3.055594751185194013e+01
6.346158532966538246e+01
2.694048638196670709e+01
2.511231609415548860e+01
4.312215382690195042e+01
3.968367554104773376e+01
5.927140685067703885e+01
4.550790093670136116e+01
9.297713463363834308e+00
2.797832069340032035e+01
1.349014307032464899e+01
1.907248761210414045e+01
1.980072760622209671e+01
2.298767199124975491e+01
2.658546735648593540e+01
3.278588595883994117e+01
3.320484202694333931e+01
4.092875276095648474e+01
3.543344698081398292e+01
2.227568621681675154e+01
4.841413133610299724e+01
3.576302404783214683e+01
1.666056905561211465e+01
2.460960762650270794e+01
3.422343771935280188e+01
3.569550865845755538e+01
3.192070619645787133e+01
2.854876259087043877e+01
4.461058021032451393e+01
6.298570264176279920e+01
2.910573400676375400e+01
2.910409412911960203e+01
4.063125896055910857e+01
2.717975647828475871e+01
4.063637315700802333e+01
3.986714251178963764e+01
2.634814191437354225e+01
4.469165014685219717e+01
3.643159166630240975e+01
6.519538205380436580e+01
3.845912959931351338e+01
2.655059666164348187e+01
3.619184933859870057e+01
4.001412279413690953e+01
4.937162222447594218e+01
2.891017637997200040e+01
2.794556191772954890e+01
1.969023606492075373e+01
2.260232167966552197e+01
3.317857568864346263e+01
2.579572295990174347e+00
1.855338325770341612e+01
3.591926283145161847e+01
3.894610782583302466e+01
5.541710313881813477e+01
2.817464989552078691e+01
1.815354339261295991e+01
2.679956491587017808e+01
2.469284305526090861e+01
5.256988750261561449e+01
4.195301772447530197e+01
3.382374840298749064e+01
7.094261292947822994e+01
2.128893022945359803e+01
3.767690543995539088e+01
7.193020372808948082e+01
2.419713664179985813e+01
4.997809593689535745e+01
3.203811488427649579e+01
2.669237154680783419e+01
3.148240290359009919e+01
6.380952159234240639e+01
6.769298768782215348e+01
2.404289417640970328e+01
6.260398148569691124e+00
2.315250624894414955e+01
6.207844179381780236e+01
4.116390102033264498e+01
2.852445011661782814e+01
2.627092113325650757e+01
4.564905301719059594e+01
3.725119240849386415e+01
3.467548981944915454e+01
3.313655964910654461e+01
6.280339983493546718e+00
3.170095201391578144e+01
2.807342546061940425e+01
6.285682236042872795e+00
2.187976226371287680e+01
2.569670085798705372e+01
2.149198953092664510e+01
3.661912776037442541e+01
3.230717105481866724e+01
7.458072299187278098e+00
4.393446490635562895e+01
4.408011321697784979e+01
4.595817290340940531e+01
2.808841460060384065e+01
4.148151482507884680e+01
2.524128712858214385e+01
3.129396313563862009e+01
4.123523478118360686e+01
3.174502883361552108e+01
2.726777264373114917e+01
2.322301939082117883e+01
4.587094344220864173e+01
2.717549756367711211e+01
5.627645960775393519e+01
7.287815095616704753e+01
3.697072970855836616e+01
2.803125880976028839e+01
3.731084745533493674e+01
4.694744192185873999e+01
2.291989268801251001e+01
3.855984168264208733e+01
2.193986788596758686e+01
1.415087781901161179e+01
3.101703408078083157e+01
2.646454045767237062e+01
2.979124650118640716e+01
4.837000247859321256e+00
3.851129110481005569e+01
3.317514984194315275e+01
4.305662256603429228e+01
5.364747434397915526e+01
3.266944870688271862e+01
3.439047157213876460e+01
3.114073590072149500e+01
2.967140723092583698e+01
3.726550254272572715e+01
4.572462270258981221e+01
7.064262223972087895e+01
3.192522764391677015e+01
4.105559660686466827e+01
7.324140688802046384e+01
1.638566617650323565e+01
3.892102009549083164e+01
5.694765701340807595e+01
5.786247551374853515e+01
2.935453670677871685e+01
6.188913004570096632e+01
6.598342401121018952e+01
4.039416710989240755e+01
3.153726791280845987e+01
6.519786546535519278e+01
2.336372370688883393e+01
3.541934778537461170e+01
2.464116275052077754e+01
3.777413524048469640e+01
4.930040851658461065e+01
1.738143016018247522e+01
5.628776055999034611e+01
2.255426847429939130e+01
1.434460485160630583e+01
6.309025051271787810e+00
2.870736023729153885e+01
5.622745439838351444e+01
4.310895889374134526e+01
3.357662872936296594e+01
2.820271654002533523e+01
3.863736016004415319e+01
4.923887540574170885e+01
-2.382168963427213626e-01
3.099393120003796298e+01
3.689329590818155680e+01
2.407001715775791695e+01
2.182761651421961346e+01
4.108888541181730147e+01
7.527651416825773367e+01
4.244570016335720197e+01
7.332146308287335046e+01
3.319008897327256591e+01
5.657422417548556837e+01
3.354902638672828630e+01
2.960410761401399782e+01
4.747918418690889553e+01
2.718856352877369886e+01
2.456718279754116452e+01
3.320187195048779927e+01
3.180319378186439394e+01
2.095447172521377865e+01
2.915214196010393266e+01
1.845641217374506482e+01
1.332663250116934250e+01
2.352377742062734001e+01
1.941698746813683130e+01
3.665236182917523422e+01
3.008395829955858858e+01
3.043545617025748129e+01
4.268579660786608088e+01
3.970745489780651383e+01
4.224433985257903146e+01
4.602935036704482741e+01
3.180663584988008097e+01
1.948433600356727879e+01
2.178107039648713794e+01
4.410927558015291083e+01
3.277489942897094011e+01
3.411115837512366511e+01
2.699190891502058776e+01
3.839816352730827020e+01
3.004793168170849071e+01
2.125616643642894132e+01
5.844605360080757350e+01
3.566202815306479579e+01
3.073897166948421500e+01
3.162708250214546979e+01
3.142302983587811127e+01
2.489643159635824077e+01
2.151321734616760750e+01
3.389264572948533782e+01
3.853280348106594033e+01
2.859054827714683711e+01
2.453559939208949459e+01
3.721894860910671810e+01
2.492043278380899096e+01
2.166510650916910663e+01
4.598629895999704331e+01
2.562934383082202316e+01
2.729461082569051200e+01
3.903422870818914703e+01
2.799647043839868843e+01
4.149241866869905948e+01
4.117125247815371836e+01
2.719441602323595930e+01
3.927563430051111482e+01
2.099944149008464933e+01
2.187246281256190628e+01
5.868638155118796362e+01
3.971570760722173077e+01
2.576254675979129161e+01
3.851485397525678422e+01
1.902528273196803354e+01
3.357777548213036312e+01
2.929518410033023201e+01
1.994878949173414640e+01
3.654358879062701249e+01
4.009511187408438104e+01
3.194140730525671756e+01
2.125686001062527453e+01
3.877736816914497808e+01
2.424690299537130045e+01
5.566957099984605861e+01
5.936255934245045296e+01
6.238129775057464599e+01
2.908125491666032758e+01
2.884285478548383708e+01
3.701447001067342057e+01
1.499361839925086315e+01
3.806360047526672474e+01
6.813408555722303639e+00
2.694916460908891054e+01
3.305332415303672633e+01
5.208929799485602530e+01
2.273515015473051903e+01
4.285206659449565336e+01
5.358272866948200885e+01
2.980156135639273884e+01
7.217876629939467215e+00
3.939217522173598240e+01
2.953907174344126929e+01
2.690999471787182529e+01
3.828343295404786772e+01
6.797926350790046968e+01
3.767974402941106860e+01
3.715260350961048630e+01
4.049975052982912871e+01
4.746772960905505556e+01
2.363045155802592490e+01
2.799822427426042282e+01
5.572461614978615785e+01
3.528647091894052323e+01
3.810148003639542935e+01
3.010604781185421075e+01
1.597030024350692656e+01
2.553516625706836862e+01
4.022040499305387584e+01
3.824812695391702277e+01
3.791133372549452929e+01
2.901905576593426872e+01
4.745013307579304751e+01
3.294126138120819292e+01
2.515026117631313696e+01
4.238005659282910642e+01
2.910620180812307467e+01
2.279449212478775166e+01
3.270433316648561117e+01
5.521033433337893825e+01
5.710936476222113356e+01
3.107284231420237575e+01
2.838870951391186281e+01
2.526986329431989020e+01
3.825269133472218641e+01
5.045092377169279985e+01
6.646503307539143179e+01
2.402611185632164847e+01
2.316201930450071700e+01
8.860255640831780966e+00
3.841286884802286750e+01
4.713888653165284381e+01
2.959760185380739017e+01
7.805407799521501033e+01
5.107687016688007020e+01
4.062948362391850310e+01
3.334295375025615726e+01
3.021742364744440579e+01
6.379701038837012561e+01
4.585984019268718725e+01
4.477195066710621063e+01
6.306646280846439367e+01
4.195905038504920981e+01
5.483387530668400700e+01
3.011071780484573424e+01
5.367326256460367517e+01
6.324668395967356105e+01
2.705238917147062239e+01
2.417149931918774541e+01
4.394730880144689422e+01
3.311811506169019026e+01
3.338342971392663117e+01
3.119089543072166748e+01
2.370457390381037044e+01
6.107509517240910668e+01
2.910629631075445900e+01
3.310124990073816775e+01
4.589702728139300802e+01
1.847529417632935633e+01
3.375964974286060283e+01
4.496359497248349157e+01
2.374985227305984381e+01
2.507525030873728156e+01
2.917538430533119254e+01
7.529485309358135758e+00
3.827901977553932511e+01
4.338902826516559230e+01
3.541181298552461953e+01
4.128769381392189075e+01
2.275591173542034085e+01
4.219576500776233274e+01
3.627601094570056262e+01
2.290756521187532257e+01
5.840708891834577798e+01
2.199772141863738284e+01
2.849927085404615923e+01
5.866910001625595328e+01
1.909534986125422051e+01
4.863830621601866255e+01
2.140915096116904692e+01
2.729393092463593007e+01
4.145703111242538874e+00
3.746853548808226719e+01
2.823182431894419153e+01
3.506438052545266260e+01
2.241517563287501957e+01
4.073371687000826569e+01
2.608777992163706472e+01
2.650828780975714949e+01
1.524196214973423480e+01
2.597878362208680869e+01
4.679031678106323966e+01
6.522942420723049395e+01
5.381421017683274499e+01
4.087066963418999421e+01
4.551696618292245944e+01
2.171841200895462975e+01
3.699565823381760765e+01
2.789379688993253126e+01
2.515125670664477298e+01
3.036929529340937961e+01
5.748667505170405434e+01
5.462880914385152664e+01
4.269849299957769517e+01
2.122490094809205630e+01
2.992966303792852045e+01
3.794844108503193070e+01
4.687244038757486919e+01
4.620206577222049305e+01
4.215425659461467944e+01
3.401192666034614831e+01
3.000810735264195728e+01
1.882041491919588339e+01
3.725361493054535345e+01
6.052603551960268646e+01
2.420635575717514598e+01
3.124711691237652644e+01
3.926717371653026589e+01
4.025406774331489146e+01
3.822556564693709902e+01
4.461549821824493733e+01
2.199182500036428678e+01
2.690633630987346692e+01
3.019569335084607076e+01
3.043408099605599659e+01
3.374360754776728299e+01
2.753503925351441239e+01
1.790059000890667562e+01
2.137328206691049104e+01
1.823986574124378990e+01
4.286607663528511125e+01
4.693963925814355775e+01
2.708905664333909158e+01
3.379485510419098659e+01
1.887306587775157141e+01
1.604198865177082212e+01
3.384117993851063488e+01
2.512100106829856827e+01
5.513341606619090385e+01
3.343792101177390919e+01
1.670748304511019455e+01
4.724025444840103205e+01
3.222704339625749093e+00
3.217290670024286214e+01
6.594801985423458746e+01
2.663047579327627545e+01
2.432305323705676869e+01
3.132351671433991669e+01
2.792356677552467659e+01
1.798587735861590886e+01
2.104657523545037634e+01
4.104343110648827064e+01
2.737669798156932188e+01
5.205236083010632342e+01
1.471374526979650454e+01
3.092655026352642267e+01
3.516120446729777882e+01
4.003890135651957394e+01
4.401979443908047074e+01
2.145177287190506377e+01
6.667488536197376447e+01
2.266816522875123496e+01
4.194496135312115825e+01
3.183011930361701047e+01
2.597618008810084689e+01
2.166093753176690484e+01
3.220873911876387297e+01
2.738168528844747129e+01
2.304791481019185539e+01
3.660504097947378455e+01
6.888699828937149050e+01
4.027829575029224429e+01
4.879619993589847127e+01
2.563557246769914855e+01
3.107609172519224217e+01
4.831875504133356003e+01
5.866262370249299352e+01
6.908571987821889593e+01
4.231962578635742034e+01
4.408168554309932574e+01
1.567290560737782812e+01
4.982317525248257084e+01
5.332818416951661789e+01
2.117778998974435467e+01
3.113216059607978536e+01
1.489382290124325436e+01
2.986984861173363015e+01
4.493796045404494066e+01
4.981937349472096344e+01
4.802739509558332998e+01
2.045311382820128188e+01
7.537091206326084603e+01
5.001088531880606070e+01
3.045524077736715185e+01
2.301578155636607903e+01
1.096737850896022337e+01
4.319847615097623361e+01
2.925535993797004153e+01
2.876050389207279068e+01
4.776662625886703495e+01
4.393112403139403455e+01
3.657309339582664620e+01
2.734554479221648648e+01
3.967944549760844097e+01
2.820653820697017977e+01
2.748906350780680441e+01
3.737371824641044782e+01
